#!ascii label  , from subject fsaverage_sym vox2ras=TkReg
1996
46  -42.528  -21.085  38.409 0.0000000000
100  -55.471  -11.108  29.258 0.0000000000
224  -48.548  -16.771  33.043 0.0000000000
237  -13.867  -34.921  65.497 0.0000000000
369  -39.676  -21.199  44.330 0.0000000000
373  -29.456  -30.584  61.508 0.0000000000
374  -38.208  -29.482  59.140 0.0000000000
850  -41.895  -25.674  52.492 0.0000000000
851  -43.495  -22.525  50.322 0.0000000000
857  -21.528  -32.075  57.431 0.0000000000
858  -25.236  -31.003  62.739 0.0000000000
859  -25.516  -30.905  56.146 0.0000000000
861  -33.981  -30.190  54.113 0.0000000000
862  -38.279  -28.465  53.484 0.0000000000
1023  -45.533  -19.038  45.202 0.0000000000
1025  -48.088  -18.832  42.141 0.0000000000
1026  -51.937  -13.966  31.093 0.0000000000
1552  -45.483  -19.356  35.407 0.0000000000
1556  -53.155  -11.718  24.421 0.0000000000
1579  -10.296  -36.879  67.791 0.0000000000
1816  -44.025  -19.477  48.274 0.0000000000
1817  -40.671  -20.435  41.597 0.0000000000
1828  -29.526  -30.554  54.950 0.0000000000
1829  -33.743  -30.555  60.235 0.0000000000
2055  -50.743  -17.311  39.119 0.0000000000
2065  -60.178  -10.211  20.053 0.0000000000
2770  -39.981  -26.509  50.125 0.0000000000
2771  -40.994  -25.070  49.021 0.0000000000
2778  -23.550  -31.486  56.683 0.0000000000
2781  -36.164  -28.877  51.009 0.0000000000
2782  -38.219  -27.776  50.704 0.0000000000
2783  -40.148  -27.187  53.007 0.0000000000
2943  -44.100  -20.165  41.797 0.0000000000
2944  -46.850  -19.127  43.726 0.0000000000
2945  -45.418  -20.022  40.313 0.0000000000
2946  -53.651  -12.421  30.268 0.0000000000
2947  -54.458  -12.861  32.975 0.0000000000
2952  -57.248  -9.997  28.437 0.0000000000
3587  -12.013  -35.291  62.716 0.0000000000
3589  -12.107  -35.905  66.640 0.0000000000
3988  -41.780  -21.836  47.182 0.0000000000
3989  -43.743  -20.896  49.398 0.0000000000
3990  -41.876  -20.369  46.280 0.0000000000
3991  -42.336  -19.614  44.863 0.0000000000
3992  -39.972  -20.312  43.091 0.0000000000
4010  -27.383  -30.706  62.072 0.0000000000
4011  -27.189  -30.394  65.551 0.0000000000
4012  -29.337  -30.228  64.945 0.0000000000
4014  -31.439  -30.215  64.375 0.0000000000
4016  -27.540  -30.157  52.419 0.0000000000
4017  -29.542  -30.207  51.922 0.0000000000
4018  -36.191  -30.065  56.646 0.0000000000
4019  -33.873  -30.521  57.069 0.0000000000
4020  -36.052  -30.189  59.709 0.0000000000
4021  -35.735  -30.099  62.893 0.0000000000
4048  -17.508  -33.301  61.202 0.0000000000
4049  -19.194  -32.306  64.425 0.0000000000
4050  -18.920  -31.714  67.947 0.0000000000
4511  -46.957  -18.105  34.190 0.0000000000
4512  -48.197  -18.437  37.365 0.0000000000
4513  -49.656  -17.179  36.131 0.0000000000
4539  -61.834  -9.645  18.602 0.0000000000
5898  -13.367  -34.375  69.880 0.0000000000
6136  -43.568  -24.534  55.043 0.0000000000
6137  -44.524  -23.011  53.919 0.0000000000
6138  -42.927  -24.172  51.383 0.0000000000
6139  -41.595  -23.466  48.025 0.0000000000
6149  -21.339  -32.046  60.853 0.0000000000
6150  -23.172  -31.402  63.452 0.0000000000
6151  -23.392  -31.528  60.070 0.0000000000
6152  -25.418  -31.069  59.410 0.0000000000
6153  -27.474  -30.776  58.860 0.0000000000
6155  -31.781  -30.086  51.593 0.0000000000
6156  -33.993  -29.658  51.226 0.0000000000
6157  -36.222  -29.533  53.758 0.0000000000
6158  -38.369  -29.169  56.248 0.0000000000
6160  -40.245  -27.846  55.804 0.0000000000
6161  -42.026  -26.279  55.500 0.0000000000
6174  -19.499  -32.537  57.674 0.0000000000
6447  -46.977  -18.021  48.568 0.0000000000
6448  -49.969  -16.862  50.311 0.0000000000
6449  -48.291  -17.954  47.013 0.0000000000
6450  -49.534  -17.865  45.370 0.0000000000
6452  -50.226  -15.415  32.012 0.0000000000
6453  -51.211  -15.870  34.947 0.0000000000
6454  -52.808  -14.394  33.924 0.0000000000
6532  -5.794  -40.118  72.539 0.0000000000
7456  -43.970  -20.475  36.803 0.0000000000
7458  -44.190  -18.413  32.606 0.0000000000
7462  -47.439  -15.794  30.471 0.0000000000
7463  -49.142  -14.529  29.547 0.0000000000
7464  -50.875  -13.276  28.652 0.0000000000
7465  -52.653  -12.217  27.640 0.0000000000
7466  -54.339  -11.407  26.820 0.0000000000
7467  -51.426  -12.135  25.299 0.0000000000
7522  -11.509  -35.583  71.028 0.0000000000
7523  -9.313  -36.555  72.176 0.0000000000
7524  -7.043  -37.841  73.072 0.0000000000
8075  -47.451  -18.440  53.717 0.0000000000
8076  -45.200  -21.316  52.795 0.0000000000
8077  -45.574  -19.645  51.658 0.0000000000
8078  -46.105  -18.465  50.171 0.0000000000
8079  -44.649  -18.912  46.756 0.0000000000
8080  -43.134  -19.779  43.364 0.0000000000
8081  -41.565  -20.983  40.035 0.0000000000
8104  -25.050  -30.657  66.169 0.0000000000
8111  -27.511  -30.591  55.501 0.0000000000
8112  -29.537  -30.700  58.155 0.0000000000
8113  -31.701  -30.488  54.501 0.0000000000
8114  -31.640  -30.735  57.601 0.0000000000
8115  -31.609  -30.609  60.947 0.0000000000
8116  -33.557  -30.250  63.581 0.0000000000
8149  -13.816  -34.774  62.050 0.0000000000
8151  -15.656  -34.092  61.600 0.0000000000
8152  -15.558  -33.884  65.077 0.0000000000
8733  -46.769  -19.387  38.754 0.0000000000
8734  -49.444  -18.252  40.528 0.0000000000
8735  -51.982  -17.138  42.036 0.0000000000
8736  -52.199  -16.117  37.925 0.0000000000
8760  -56.153  -10.649  25.924 0.0000000000
8761  -57.985  -10.051  24.964 0.0000000000
8762  -59.800  -9.422  23.806 0.0000000000
8764  -58.526  -10.765  21.412 0.0000000000
8765  -61.547  -8.983  22.401 0.0000000000
10450  -39.007  -26.833  48.979 0.0000000000
10451  -39.549  -26.178  48.416 0.0000000000
10452  -38.563  -26.485  47.327 0.0000000000
10461  -37.175  -28.020  49.515 0.0000000000
10462  -38.159  -27.464  49.341 0.0000000000
10463  -39.098  -27.194  50.398 0.0000000000
10623  -43.291  -20.720  40.086 0.0000000000
10624  -44.726  -20.165  41.073 0.0000000000
10625  -44.019  -20.604  39.396 0.0000000000
10626  -54.542  -11.732  29.786 0.0000000000
10627  -54.953  -11.878  31.162 0.0000000000
10628  -55.909  -11.100  30.684 0.0000000000
10630  -56.828  -10.467  30.127 0.0000000000
10632  -56.384  -10.552  28.863 0.0000000000
11267  -13.016  -35.333  64.018 0.0000000000
11268  -12.124  -35.761  64.582 0.0000000000
11269  -12.984  -35.409  66.003 0.0000000000
11668  -40.735  -21.504  45.704 0.0000000000
11669  -41.744  -21.075  46.759 0.0000000000
11670  -40.775  -20.796  45.296 0.0000000000
11671  -40.901  -20.235  44.693 0.0000000000
11672  -39.789  -20.621  43.803 0.0000000000
11687  -20.980  -31.594  65.987 0.0000000000
11690  -28.415  -30.621  61.780 0.0000000000
11691  -28.379  -30.451  63.520 0.0000000000
11692  -29.377  -30.412  63.227 0.0000000000
11693  -30.374  -30.208  64.671 0.0000000000
11694  -30.432  -30.406  62.932 0.0000000000
11698  -37.226  -29.827  57.861 0.0000000000
11699  -36.097  -30.170  58.130 0.0000000000
11700  -37.158  -29.896  59.444 0.0000000000
11701  -36.970  -29.875  60.976 0.0000000000
11727  -20.254  -32.221  62.557 0.0000000000
11729  -20.146  -32.030  64.306 0.0000000000
11730  -20.018  -31.802  66.075 0.0000000000
12183  -49.068  -17.681  53.560 0.0000000000
12191  -47.761  -17.422  33.582 0.0000000000
12192  -48.331  -17.708  35.140 0.0000000000
12193  -49.121  -17.046  34.546 0.0000000000
14065  -42.762  -25.155  53.744 0.0000000000
14066  -43.292  -24.400  53.166 0.0000000000
14067  -42.427  -24.940  51.901 0.0000000000
14069  -41.349  -24.260  48.503 0.0000000000
14070  -40.625  -23.864  46.885 0.0000000000
14071  -40.748  -23.033  46.462 0.0000000000
14087  -21.448  -32.093  59.157 0.0000000000
14088  -22.359  -31.786  60.461 0.0000000000
14089  -22.447  -31.797  58.801 0.0000000000
14090  -24.538  -31.191  56.360 0.0000000000
14091  -24.504  -31.274  58.024 0.0000000000
14092  -25.477  -31.041  57.725 0.0000000000
14093  -26.440  -30.878  59.055 0.0000000000
14094  -26.503  -30.817  57.550 0.0000000000
14096  -32.970  -29.610  50.118 0.0000000000
14098  -37.252  -28.677  52.292 0.0000000000
14099  -36.238  -29.211  52.430 0.0000000000
14100  -37.273  -29.069  53.584 0.0000000000
14101  -37.295  -29.388  55.027 0.0000000000
14102  -38.308  -28.837  54.790 0.0000000000
14103  -39.313  -28.537  56.005 0.0000000000
14104  -39.311  -28.188  54.674 0.0000000000
14105  -41.064  -26.472  52.768 0.0000000000
14106  -41.101  -26.813  54.206 0.0000000000
14107  -41.973  -26.029  53.992 0.0000000000
14108  -42.832  -25.448  55.279 0.0000000000
14129  -20.516  -32.322  57.521 0.0000000000
14583  -46.252  -18.503  46.877 0.0000000000
14584  -47.616  -17.963  47.786 0.0000000000
14585  -46.882  -18.538  46.145 0.0000000000
14586  -47.455  -19.017  42.931 0.0000000000
14587  -48.172  -18.520  44.596 0.0000000000
14588  -48.791  -18.431  43.750 0.0000000000
14589  -50.101  -17.787  44.496 0.0000000000
14590  -49.439  -18.261  42.973 0.0000000000
14591  -51.088  -14.701  31.563 0.0000000000
14592  -51.570  -14.944  32.964 0.0000000000
14593  -52.408  -14.200  32.542 0.0000000000
14594  -55.687  -12.253  33.910 0.0000000000
16399  -48.300  -15.153  30.003 0.0000000000
16400  -47.699  -14.490  28.836 0.0000000000
16402  -49.450  -13.433  27.934 0.0000000000
16403  -50.324  -12.980  27.439 0.0000000000
16404  -51.744  -12.713  28.151 0.0000000000
16405  -51.231  -12.554  26.898 0.0000000000
16406  -52.107  -12.231  26.478 0.0000000000
16520  -10.382  -36.626  65.830 0.0000000000
16524  -9.305  -37.315  68.419 0.0000000000
16525  -12.861  -33.847  72.117 0.0000000000
16526  -12.458  -34.998  70.507 0.0000000000
16527  -11.904  -34.477  72.657 0.0000000000
16529  -9.834  -35.817  73.720 0.0000000000
16530  -8.763  -36.600  74.141 0.0000000000
16531  -8.125  -37.067  72.791 0.0000000000
16532  -7.893  -37.555  74.284 0.0000000000
16533  -7.239  -38.712  74.161 0.0000000000
17718  -44.123  -22.841  52.042 0.0000000000
17719  -44.936  -22.191  53.351 0.0000000000
17720  -44.372  -21.986  51.518 0.0000000000
17721  -43.846  -20.132  48.872 0.0000000000
17722  -44.678  -20.286  50.549 0.0000000000
17723  -44.866  -19.573  49.933 0.0000000000
17724  -45.831  -18.964  50.953 0.0000000000
17725  -45.060  -19.016  49.225 0.0000000000
17726  -45.403  -18.651  48.482 0.0000000000
17727  -44.290  -19.087  47.542 0.0000000000
17728  -41.514  -19.938  43.189 0.0000000000
17729  -42.708  -19.612  44.115 0.0000000000
17730  -41.952  -20.112  42.452 0.0000000000
17731  -42.310  -20.397  41.652 0.0000000000
17732  -41.087  -20.729  40.822 0.0000000000
17785  -24.200  -31.172  63.071 0.0000000000
17786  -24.088  -31.036  64.733 0.0000000000
17787  -25.125  -30.849  64.390 0.0000000000
17803  -28.541  -30.413  53.707 0.0000000000
17804  -27.529  -30.414  53.958 0.0000000000
17805  -28.524  -30.558  55.227 0.0000000000
17806  -28.488  -30.655  56.846 0.0000000000
17807  -29.530  -30.648  56.516 0.0000000000
17808  -32.876  -30.166  52.810 0.0000000000
17809  -31.758  -30.325  53.020 0.0000000000
17810  -32.790  -30.348  54.233 0.0000000000
17811  -33.816  -30.588  58.584 0.0000000000
17812  -32.756  -30.632  57.357 0.0000000000
17813  -32.679  -30.716  58.854 0.0000000000
17814  -31.655  -30.737  59.257 0.0000000000
17815  -32.648  -30.615  60.557 0.0000000000
17816  -32.598  -30.424  62.309 0.0000000000
17817  -33.674  -30.400  61.970 0.0000000000
17830  -41.079  -27.495  58.597 0.0000000000
17901  -16.591  -33.680  61.387 0.0000000000
17902  -16.509  -33.629  63.099 0.0000000000
17903  -15.633  -34.082  63.280 0.0000000000
17908  -18.812  -31.345  69.763 0.0000000000
19286  -44.711  -19.962  36.082 0.0000000000
19287  -45.393  -19.971  37.792 0.0000000000
19288  -46.098  -19.484  37.052 0.0000000000
19289  -49.493  -17.866  38.281 0.0000000000
19290  -48.795  -18.416  38.954 0.0000000000
19291  -50.089  -17.856  39.804 0.0000000000
19292  -50.710  -17.717  41.279 0.0000000000
19293  -51.401  -17.297  40.568 0.0000000000
19294  -52.489  -15.315  35.914 0.0000000000
19295  -51.708  -16.003  36.487 0.0000000000
19296  -52.970  -15.482  37.377 0.0000000000
19353  -53.812  -11.644  25.659 0.0000000000
19354  -55.214  -11.018  26.392 0.0000000000
19355  -54.713  -11.381  25.227 0.0000000000
19357  -56.493  -10.923  24.347 0.0000000000
19358  -57.394  -10.723  23.860 0.0000000000
19359  -58.886  -9.748  24.436 0.0000000000
19360  -58.319  -10.488  23.307 0.0000000000
19364  -58.605  -10.659  19.523 0.0000000000
19365  -57.758  -10.813  20.144 0.0000000000
19366  -59.377  -10.545  20.723 0.0000000000
19367  -60.070  -9.948  21.949 0.0000000000
19368  -60.905  -9.660  21.225 0.0000000000
19370  -61.728  -9.369  20.519 0.0000000000
19372  -63.224  -9.658  18.944 0.0000000000
23416  -40.960  -26.123  51.321 0.0000000000
23417  -41.466  -25.420  50.675 0.0000000000
23418  -40.549  -25.803  49.575 0.0000000000
23419  -40.027  -25.435  47.898 0.0000000000
23430  -22.525  -31.788  57.061 0.0000000000
23436  -36.183  -28.527  49.697 0.0000000000
23437  -37.196  -28.356  50.859 0.0000000000
23438  -38.271  -28.107  52.116 0.0000000000
23439  -39.246  -27.825  53.295 0.0000000000
23440  -39.188  -27.499  51.844 0.0000000000
23441  -40.103  -26.854  51.560 0.0000000000
23727  -44.800  -19.608  43.531 0.0000000000
23728  -46.193  -19.113  44.487 0.0000000000
23729  -45.484  -19.651  42.772 0.0000000000
23730  -46.119  -19.575  42.031 0.0000000000
23731  -46.770  -19.429  41.273 0.0000000000
23732  -52.749  -13.205  30.691 0.0000000000
23733  -53.244  -13.444  32.090 0.0000000000
23734  -54.086  -12.648  31.644 0.0000000000
23735  -55.314  -12.040  32.515 0.0000000000
23744  -58.170  -9.458  27.974 0.0000000000
24890  -11.234  -36.199  65.200 0.0000000000
24891  -11.209  -36.406  67.253 0.0000000000
25608  -42.694  -22.202  48.690 0.0000000000
25609  -43.622  -21.716  49.820 0.0000000000
25610  -42.790  -21.371  48.316 0.0000000000
25611  -42.806  -20.620  47.815 0.0000000000
25612  -42.931  -19.946  47.252 0.0000000000
25613  -43.179  -19.480  46.579 0.0000000000
25614  -42.033  -19.876  45.611 0.0000000000
25615  -41.175  -19.940  43.972 0.0000000000
25616  -40.300  -20.260  42.342 0.0000000000
25648  -26.307  -30.846  62.321 0.0000000000
25649  -26.206  -30.701  64.095 0.0000000000
25650  -27.323  -30.563  63.835 0.0000000000
25651  -28.293  -30.280  65.226 0.0000000000
25655  -31.278  -30.229  65.964 0.0000000000
25660  -28.556  -30.184  52.156 0.0000000000
25661  -29.574  -30.409  53.542 0.0000000000
25662  -35.033  -30.135  55.333 0.0000000000
25663  -33.905  -30.376  55.551 0.0000000000
25664  -35.020  -30.334  56.854 0.0000000000
25665  -34.993  -30.417  58.415 0.0000000000
25666  -34.869  -30.442  59.910 0.0000000000
25667  -34.782  -30.336  61.598 0.0000000000
25668  -35.871  -30.166  61.255 0.0000000000
25715  -18.499  -32.945  59.421 0.0000000000
25717  -18.427  -32.957  61.101 0.0000000000
25719  -18.223  -32.604  64.572 0.0000000000
25720  -18.068  -32.306  66.318 0.0000000000
25721  -19.044  -32.038  66.157 0.0000000000
26549  -46.202  -18.751  34.772 0.0000000000
26550  -46.868  -18.922  36.351 0.0000000000
26551  -47.571  -18.337  35.725 0.0000000000
26552  -48.902  -17.854  36.726 0.0000000000
26553  -50.170  -17.291  37.639 0.0000000000
26589  -52.515  -11.400  23.258 0.0000000000
26590  -54.026  -11.559  24.024 0.0000000000
26591  -53.419  -11.321  22.816 0.0000000000
26598  -59.445  -10.430  18.857 0.0000000000
26599  -61.013  -9.883  19.323 0.0000000000
26600  -60.301  -10.144  18.159 0.0000000000
26601  -61.106  -9.847  17.465 0.0000000000
29117  -14.546  -34.208  67.119 0.0000000000
29118  -13.683  -34.758  67.651 0.0000000000
29675  -44.748  -23.076  55.827 0.0000000000
29676  -44.051  -23.800  54.468 0.0000000000
29677  -43.760  -23.654  52.599 0.0000000000
29678  -43.259  -23.379  50.802 0.0000000000
29679  -41.957  -24.669  50.151 0.0000000000
29680  -42.322  -23.840  49.616 0.0000000000
29681  -42.564  -23.015  49.129 0.0000000000
29682  -41.742  -22.621  47.585 0.0000000000
29683  -40.810  -22.238  46.108 0.0000000000
29705  -21.241  -31.949  62.544 0.0000000000
29706  -22.136  -31.608  63.841 0.0000000000
29707  -22.269  -31.707  62.109 0.0000000000
29708  -23.279  -31.487  61.716 0.0000000000
29709  -24.299  -31.245  61.370 0.0000000000
29710  -23.484  -31.536  58.379 0.0000000000
29711  -24.411  -31.289  59.672 0.0000000000
29712  -25.341  -31.071  61.042 0.0000000000
29713  -26.380  -30.883  60.726 0.0000000000
29714  -27.440  -30.776  60.419 0.0000000000
29715  -28.453  -30.711  60.097 0.0000000000
29719  -32.849  -29.916  51.332 0.0000000000
29720  -34.002  -29.955  52.678 0.0000000000
29721  -35.141  -29.353  51.142 0.0000000000
29722  -35.101  -29.622  52.509 0.0000000000
29723  -35.127  -29.913  53.959 0.0000000000
29724  -36.158  -29.840  55.108 0.0000000000
29725  -37.305  -29.676  56.411 0.0000000000
29726  -38.358  -29.362  57.757 0.0000000000
29727  -39.220  -28.931  58.954 0.0000000000
29728  -39.333  -28.808  57.487 0.0000000000
29729  -40.263  -28.092  57.278 0.0000000000
29730  -41.122  -27.312  57.097 0.0000000000
29731  -40.204  -27.501  54.437 0.0000000000
29732  -41.173  -27.066  55.701 0.0000000000
29733  -41.959  -26.509  56.957 0.0000000000
29734  -42.807  -25.669  56.803 0.0000000000
29765  -19.475  -32.665  59.268 0.0000000000
30399  -47.712  -17.656  50.269 0.0000000000
30401  -48.426  -17.414  49.483 0.0000000000
30402  -49.067  -17.318  48.642 0.0000000000
30403  -49.702  -17.281  47.803 0.0000000000
30404  -47.550  -18.566  45.397 0.0000000000
30405  -48.898  -17.937  46.205 0.0000000000
30410  -49.381  -16.107  32.533 0.0000000000
30411  -49.944  -16.376  33.984 0.0000000000
30412  -50.742  -15.666  33.445 0.0000000000
30413  -52.009  -15.139  34.441 0.0000000000
30414  -53.259  -14.574  35.388 0.0000000000
30415  -53.597  -13.653  33.426 0.0000000000
30416  -54.027  -13.830  34.876 0.0000000000
32847  -41.737  -21.210  36.737 0.0000000000
32848  -43.251  -20.864  37.592 0.0000000000
32849  -42.492  -20.830  35.967 0.0000000000
32850  -43.278  -20.288  35.257 0.0000000000
32851  -44.060  -19.659  34.565 0.0000000000
32854  -44.826  -19.012  33.954 0.0000000000
32855  -45.567  -18.335  33.351 0.0000000000
32856  -46.388  -17.649  32.789 0.0000000000
32857  -47.151  -17.014  32.237 0.0000000000
32866  -47.992  -16.370  31.710 0.0000000000
32867  -48.867  -15.700  31.219 0.0000000000
32868  -49.685  -15.035  30.727 0.0000000000
32869  -50.573  -14.335  30.279 0.0000000000
32870  -48.600  -13.943  28.384 0.0000000000
32871  -50.058  -13.871  29.127 0.0000000000
32872  -51.416  -13.631  29.857 0.0000000000
32873  -52.300  -12.932  29.425 0.0000000000
32874  -53.150  -12.276  28.938 0.0000000000
32875  -54.074  -11.716  28.394 0.0000000000
32876  -54.900  -11.224  27.979 0.0000000000
32877  -53.528  -11.785  27.256 0.0000000000
32878  -52.890  -11.938  26.065 0.0000000000
32879  -52.340  -11.908  24.866 0.0000000000
32882  -51.671  -11.497  23.698 0.0000000000
33028  -12.806  -35.300  68.242 0.0000000000
33029  -11.921  -35.866  68.811 0.0000000000
33030  -11.001  -36.378  69.424 0.0000000000
33031  -10.884  -35.150  73.230 0.0000000000
33032  -10.459  -36.086  71.646 0.0000000000
33033  -9.979  -36.845  69.982 0.0000000000
33034  -8.859  -37.280  70.575 0.0000000000
33035  -7.703  -37.706  71.112 0.0000000000
33036  -6.504  -38.265  71.641 0.0000000000
33037  -6.212  -38.936  73.099 0.0000000000
34535  -47.956  -17.847  52.922 0.0000000000
34538  -45.978  -20.577  54.030 0.0000000000
34539  -44.511  -21.139  51.001 0.0000000000
34540  -45.363  -20.463  52.219 0.0000000000
34542  -46.505  -18.966  52.771 0.0000000000
34543  -46.849  -18.335  51.967 0.0000000000
34544  -47.275  -17.900  51.135 0.0000000000
34545  -46.509  -18.169  49.390 0.0000000000
34546  -45.768  -18.513  47.669 0.0000000000
34547  -45.083  -18.914  45.999 0.0000000000
34548  -43.491  -19.251  45.818 0.0000000000
34549  -43.915  -19.282  45.048 0.0000000000
34550  -44.337  -19.436  44.289 0.0000000000
34551  -43.593  -20.004  42.606 0.0000000000
34552  -42.837  -20.598  40.897 0.0000000000
34553  -42.027  -21.097  39.256 0.0000000000
34571  -38.646  -21.016  42.928 0.0000000000
34572  -38.779  -20.675  42.265 0.0000000000
34573  -39.050  -20.587  41.542 0.0000000000
34574  -39.347  -20.745  40.758 0.0000000000
34577  -39.748  -21.024  39.955 0.0000000000
34578  -40.151  -21.302  39.149 0.0000000000
34579  -40.637  -21.430  38.321 0.0000000000
34580  -41.119  -21.407  37.503 0.0000000000
34621  -26.103  -30.492  65.859 0.0000000000
34638  -25.552  -30.687  54.461 0.0000000000
34640  -26.532  -30.495  54.191 0.0000000000
34641  -26.527  -30.685  55.781 0.0000000000
34642  -27.512  -30.710  57.162 0.0000000000
34643  -28.510  -30.711  58.493 0.0000000000
34644  -29.513  -30.680  59.834 0.0000000000
34645  -30.674  -30.176  51.728 0.0000000000
34646  -30.639  -30.402  53.238 0.0000000000
34647  -30.613  -30.554  54.752 0.0000000000
34648  -32.770  -30.511  55.819 0.0000000000
34649  -31.660  -30.607  56.023 0.0000000000
34650  -30.592  -30.657  56.282 0.0000000000
34651  -30.594  -30.720  57.909 0.0000000000
34652  -30.558  -30.701  59.484 0.0000000000
34653  -30.522  -30.605  61.197 0.0000000000
34654  -31.528  -30.395  62.653 0.0000000000
34655  -32.515  -30.246  63.998 0.0000000000
34752  -12.905  -35.056  62.428 0.0000000000
34753  -13.886  -34.948  63.738 0.0000000000
34758  -15.614  -33.815  59.963 0.0000000000
34759  -14.641  -34.069  60.246 0.0000000000
34760  -14.741  -34.451  61.771 0.0000000000
34761  -14.758  -34.531  63.491 0.0000000000
34762  -14.698  -34.423  65.276 0.0000000000
34763  -15.379  -33.646  66.881 0.0000000000
34766  -17.925  -31.967  68.085 0.0000000000
36447  -44.682  -20.332  38.571 0.0000000000
36448  -46.070  -19.767  39.529 0.0000000000
36449  -47.417  -19.185  40.421 0.0000000000
36450  -47.467  -18.960  38.007 0.0000000000
36451  -48.119  -18.826  39.674 0.0000000000
36452  -48.738  -18.605  41.285 0.0000000000
36453  -50.056  -18.029  42.093 0.0000000000
36456  -50.403  -16.551  35.538 0.0000000000
36457  -50.916  -16.663  37.071 0.0000000000
36458  -51.474  -16.719  38.506 0.0000000000
36528  -55.791  -10.709  27.559 0.0000000000
36529  -56.697  -10.247  27.133 0.0000000000
36530  -57.585  -9.791  26.659 0.0000000000
36531  -55.620  -11.111  24.785 0.0000000000
36532  -57.083  -10.297  25.493 0.0000000000
36533  -58.523  -9.367  26.161 0.0000000000
36534  -59.447  -9.021  25.603 0.0000000000
36535  -60.376  -8.706  24.968 0.0000000000
36542  -57.662  -10.932  22.048 0.0000000000
36543  -59.225  -10.253  22.681 0.0000000000
36544  -60.678  -9.176  23.107 0.0000000000
36549  -62.531  -9.328  19.764 0.0000000000
41170  -38.519  -26.962  48.428 0.0000000000
41171  -38.815  -26.666  48.193 0.0000000000
41181  -37.670  -27.574  48.782 0.0000000000
41182  -38.052  -27.277  48.543 0.0000000000
41183  -38.564  -27.157  49.126 0.0000000000
41343  -42.917  -20.927  39.248 0.0000000000
41344  -43.662  -20.678  39.742 0.0000000000
41345  -43.278  -20.865  38.886 0.0000000000
41346  -55.016  -11.389  29.541 0.0000000000
41347  -55.230  -11.420  30.211 0.0000000000
41348  -55.690  -11.080  29.962 0.0000000000
41349  -56.346  -10.788  30.401 0.0000000000
41350  -56.163  -10.783  29.704 0.0000000000
41351  -56.612  -10.500  29.503 0.0000000000
41352  -55.939  -10.825  29.059 0.0000000000
41987  -13.454  -35.156  64.718 0.0000000000
41988  -13.011  -35.401  64.989 0.0000000000
41989  -13.413  -35.160  65.768 0.0000000000
42388  -40.225  -21.333  45.034 0.0000000000
42389  -40.781  -21.119  45.540 0.0000000000
42390  -40.223  -20.994  44.796 0.0000000000
42391  -40.291  -20.659  44.557 0.0000000000
42392  -39.698  -20.881  44.078 0.0000000000
42408  -21.518  -31.532  65.749 0.0000000000
42409  -21.558  -31.632  64.887 0.0000000000
42410  -28.955  -30.616  61.673 0.0000000000
42411  -28.921  -30.514  62.516 0.0000000000
42412  -29.426  -30.500  62.375 0.0000000000
42413  -29.915  -30.408  63.098 0.0000000000
42414  -29.938  -30.514  62.200 0.0000000000
42418  -37.725  -29.689  58.468 0.0000000000
42419  -37.179  -29.889  58.650 0.0000000000
42420  -37.679  -29.702  59.300 0.0000000000
42422  -38.160  -29.502  59.938 0.0000000000
42450  -20.568  -31.825  65.113 0.0000000000
42911  -48.148  -17.082  33.292 0.0000000000
42912  -48.451  -17.264  34.057 0.0000000000
42913  -48.831  -16.936  33.772 0.0000000000
44785  -42.329  -25.422  53.089 0.0000000000
44786  -42.597  -25.061  52.812 0.0000000000
44787  -42.140  -25.318  52.185 0.0000000000
44788  -39.996  -24.451  46.556 0.0000000000
44789  -40.495  -24.262  47.104 0.0000000000
44808  -21.943  -31.956  58.910 0.0000000000
44809  -21.982  -31.962  58.064 0.0000000000
44810  -25.039  -31.059  56.283 0.0000000000
44811  -25.021  -31.120  57.125 0.0000000000
44812  -25.492  -30.985  56.917 0.0000000000
44813  -25.987  -30.927  57.604 0.0000000000
44814  -26.004  -30.867  56.777 0.0000000000
44818  -37.753  -28.584  52.871 0.0000000000
44819  -37.310  -28.851  52.987 0.0000000000
44820  -37.831  -28.746  53.588 0.0000000000
44821  -37.815  -28.956  54.208 0.0000000000
44822  -38.297  -28.657  54.154 0.0000000000
44823  -38.820  -28.523  54.750 0.0000000000
44824  -38.814  -28.327  54.107 0.0000000000
44825  -41.482  -26.114  52.615 0.0000000000
44826  -41.542  -26.259  53.394 0.0000000000
44827  -41.938  -25.867  53.229 0.0000000000
44828  -42.392  -25.597  53.871 0.0000000000
44849  -20.991  -32.219  57.513 0.0000000000
44850  -20.976  -32.255  58.280 0.0000000000
45303  -45.879  -18.770  46.030 0.0000000000
45304  -46.560  -18.516  46.509 0.0000000000
45305  -46.232  -18.779  45.693 0.0000000000
45306  -47.790  -18.924  42.540 0.0000000000
45307  -48.111  -18.741  43.355 0.0000000000
45308  -48.421  -18.659  42.929 0.0000000000
45309  -49.082  -18.354  43.321 0.0000000000
45310  -48.741  -18.559  42.548 0.0000000000
45311  -51.516  -14.344  31.341 0.0000000000
45312  -51.773  -14.456  32.058 0.0000000000
45313  -52.208  -14.076  31.846 0.0000000000
45315  -55.874  -12.363  34.634 0.0000000000
47119  -47.280  -14.787  29.083 0.0000000000
47124  -50.755  -12.769  27.182 0.0000000000
47125  -50.497  -12.627  26.517 0.0000000000
47126  -50.936  -12.475  26.300 0.0000000000
47240  -10.357  -36.787  66.780 0.0000000000
47242  -9.885  -37.009  67.094 0.0000000000
47243  -9.434  -37.217  67.362 0.0000000000
47244  -9.811  -37.106  68.105 0.0000000000
47246  -12.392  -34.155  72.405 0.0000000000
47247  -12.125  -33.941  73.480 0.0000000000
47251  -8.317  -37.024  74.246 0.0000000000
47253  -8.122  -38.033  74.709 0.0000000000
48438  -43.850  -22.670  51.173 0.0000000000
48439  -44.288  -22.383  51.803 0.0000000000
48440  -43.937  -22.268  50.917 0.0000000000
48441  -43.891  -19.786  48.585 0.0000000000
48442  -44.348  -19.872  49.407 0.0000000000
48443  -44.421  -19.535  49.098 0.0000000000
48444  -44.945  -19.286  49.602 0.0000000000
48445  -44.526  -19.271  48.754 0.0000000000
48446  -44.667  -19.044  48.378 0.0000000000
48447  -44.130  -19.266  47.910 0.0000000000
48448  -41.114  -20.161  42.385 0.0000000000
48449  -41.734  -19.989  42.813 0.0000000000
48450  -41.331  -20.281  42.017 0.0000000000
48451  -41.501  -20.406  41.617 0.0000000000
48452  -40.898  -20.585  41.204 0.0000000000
48505  -24.726  -31.082  62.873 0.0000000000
48506  -24.655  -31.032  63.710 0.0000000000
48507  -25.170  -30.937  63.559 0.0000000000
48523  -29.061  -30.509  54.407 0.0000000000
48524  -28.530  -30.504  54.517 0.0000000000
48525  -29.042  -30.561  55.177 0.0000000000
48526  -29.024  -30.616  55.920 0.0000000000
48527  -29.568  -30.614  55.812 0.0000000000
48528  -33.436  -30.196  53.457 0.0000000000
48529  -32.828  -30.275  53.516 0.0000000000
48530  -33.389  -30.287  54.176 0.0000000000
48531  -33.776  -30.579  59.382 0.0000000000
48532  -33.265  -30.642  58.776 0.0000000000
48533  -33.247  -30.644  59.592 0.0000000000
48534  -32.665  -30.659  59.709 0.0000000000
48535  -33.197  -30.610  60.380 0.0000000000
48536  -33.193  -30.511  61.312 0.0000000000
48537  -33.725  -30.492  61.054 0.0000000000
48550  -41.445  -27.163  58.488 0.0000000000
48626  -17.202  -32.840  65.547 0.0000000000
50006  -45.096  -19.662  35.747 0.0000000000
50007  -45.397  -19.734  36.569 0.0000000000
50008  -45.777  -19.466  36.228 0.0000000000
50009  -50.120  -17.588  38.702 0.0000000000
50010  -49.737  -17.888  39.042 0.0000000000
50011  -50.431  -17.595  39.468 0.0000000000
50012  -50.739  -17.578  40.199 0.0000000000
50013  -51.068  -17.325  39.855 0.0000000000
50014  -53.108  -15.037  36.402 0.0000000000
50015  -52.733  -15.394  36.666 0.0000000000
50073  -53.503  -11.730  25.044 0.0000000000
50074  -54.277  -11.505  25.459 0.0000000000
50075  -53.940  -11.621  24.851 0.0000000000
50078  -57.085  -10.961  23.273 0.0000000000
50079  -57.850  -10.619  23.597 0.0000000000
50080  -57.540  -10.869  22.986 0.0000000000
50084  -59.395  -10.529  19.794 0.0000000000
50085  -59.012  -10.654  20.116 0.0000000000
50086  -59.761  -10.381  20.380 0.0000000000
50087  -60.136  -10.135  20.983 0.0000000000
50088  -60.542  -9.969  20.632 0.0000000000
50089  -61.330  -9.470  20.886 0.0000000000
50090  -60.983  -9.779  20.316 0.0000000000
54385  -40.462  -26.335  50.705 0.0000000000
54386  -40.756  -25.990  50.428 0.0000000000
54387  -40.235  -26.181  49.807 0.0000000000
54388  -39.312  -26.006  47.602 0.0000000000
54389  -39.759  -25.856  48.100 0.0000000000
54390  -39.516  -25.610  47.322 0.0000000000
54417  -36.108  -28.337  48.978 0.0000000000
54418  -37.681  -27.918  50.078 0.0000000000
54419  -37.188  -28.183  50.162 0.0000000000
54420  -37.673  -28.094  50.710 0.0000000000
54421  -37.751  -28.239  51.499 0.0000000000
54422  -38.166  -27.974  51.295 0.0000000000
54423  -38.696  -27.813  51.942 0.0000000000
54424  -38.705  -27.646  51.277 0.0000000000
54425  -39.544  -26.871  50.251 0.0000000000
54426  -39.591  -27.046  50.960 0.0000000000
54427  -40.035  -26.701  50.824 0.0000000000
54428  -40.533  -26.519  51.422 0.0000000000
54903  -44.425  -19.899  42.656 0.0000000000
54904  -45.137  -19.644  43.135 0.0000000000
54905  -44.810  -19.919  42.297 0.0000000000
54906  -45.063  -20.131  40.672 0.0000000000
54907  -45.423  -19.884  41.547 0.0000000000
54908  -45.739  -19.832  41.185 0.0000000000
54909  -46.442  -19.519  41.652 0.0000000000
54910  -46.106  -19.731  40.791 0.0000000000
54911  -53.195  -12.813  30.491 0.0000000000
54912  -53.429  -12.938  31.153 0.0000000000
54913  -53.891  -12.518  30.946 0.0000000000
54916  -55.745  -11.632  32.281 0.0000000000
54917  -55.936  -11.717  32.970 0.0000000000
54918  -56.381  -11.312  32.744 0.0000000000
54930  -57.960  -9.636  28.853 0.0000000000
54931  -58.416  -9.368  28.618 0.0000000000
54932  -57.716  -9.727  28.206 0.0000000000
56840  -12.136  -35.861  65.607 0.0000000000
56841  -11.683  -35.988  64.893 0.0000000000
56842  -11.693  -36.089  65.920 0.0000000000
56843  -11.246  -36.329  66.206 0.0000000000
56844  -11.653  -36.152  66.928 0.0000000000
58038  -42.248  -21.994  47.942 0.0000000000
58039  -42.733  -21.773  48.484 0.0000000000
58040  -42.281  -21.607  47.738 0.0000000000
58041  -41.807  -20.702  46.538 0.0000000000
58042  -42.277  -20.842  47.293 0.0000000000
58043  -42.331  -20.489  47.039 0.0000000000
58044  -42.839  -20.266  47.551 0.0000000000
58045  -42.415  -20.157  46.778 0.0000000000
58046  -42.516  -19.888  46.442 0.0000000000
58047  -41.947  -20.097  45.951 0.0000000000
58048  -40.442  -20.251  43.896 0.0000000000
58049  -41.022  -20.062  44.333 0.0000000000
58050  -40.586  -20.124  43.519 0.0000000000
58051  -40.735  -20.087  43.119 0.0000000000
58052  -40.151  -20.252  42.721 0.0000000000
58105  -26.841  -30.777  62.198 0.0000000000
58106  -26.802  -30.712  63.056 0.0000000000
58107  -27.368  -30.644  62.937 0.0000000000
58108  -28.868  -30.342  64.264 0.0000000000
58109  -28.343  -30.372  64.378 0.0000000000
58110  -28.820  -30.252  65.126 0.0000000000
58115  -30.890  -30.219  64.568 0.0000000000
58116  -30.833  -30.166  65.339 0.0000000000
58117  -31.357  -30.204  65.161 0.0000000000
58125  -29.055  -30.180  52.025 0.0000000000
58126  -29.040  -30.303  52.776 0.0000000000
58127  -29.578  -30.305  52.712 0.0000000000
58128  -35.627  -30.122  56.011 0.0000000000
58129  -35.011  -30.235  56.059 0.0000000000
58130  -35.582  -30.212  56.718 0.0000000000
58131  -36.088  -30.211  58.922 0.0000000000
58132  -35.513  -30.302  58.221 0.0000000000
58133  -35.485  -30.322  58.986 0.0000000000
58134  -34.943  -30.432  59.206 0.0000000000
58135  -35.414  -30.319  59.813 0.0000000000
58136  -35.384  -30.289  60.595 0.0000000000
58137  -35.950  -30.195  60.480 0.0000000000
58139  -36.923  -29.861  61.744 0.0000000000
58217  -18.946  -32.813  60.141 0.0000000000
58218  -18.472  -32.972  60.242 0.0000000000
58219  -18.905  -32.784  61.019 0.0000000000
58220  -19.249  -32.428  63.504 0.0000000000
58224  -18.708  -32.459  64.449 0.0000000000
58225  -18.628  -32.322  65.328 0.0000000000
58226  -19.116  -32.182  65.285 0.0000000000
58227  -20.469  -31.564  66.865 0.0000000000
58228  -19.967  -31.651  66.966 0.0000000000
59606  -46.605  -18.430  34.512 0.0000000000
59607  -46.871  -18.576  35.257 0.0000000000
59608  -47.253  -18.272  34.953 0.0000000000
59609  -48.986  -17.452  35.643 0.0000000000
59610  -48.603  -17.800  35.952 0.0000000000
59611  -49.283  -17.505  36.435 0.0000000000
59612  -49.543  -17.584  37.190 0.0000000000
59613  -49.919  -17.247  36.902 0.0000000000
59674  -52.970  -11.371  23.033 0.0000000000
59687  -58.636  -10.441  18.617 0.0000000000
59688  -59.068  -10.347  18.263 0.0000000000
59689  -59.880  -10.291  18.508 0.0000000000
59690  -59.487  -10.224  17.924 0.0000000000
64038  -14.412  -34.020  68.201 0.0000000000
64043  -13.617  -33.004  72.634 0.0000000000
65230  -43.901  -24.197  55.725 0.0000000000
65231  -44.171  -23.830  55.450 0.0000000000
65232  -43.790  -24.179  54.747 0.0000000000
65233  -43.142  -24.303  52.292 0.0000000000
65234  -43.536  -24.026  52.900 0.0000000000
65235  -43.341  -23.937  51.952 0.0000000000
65236  -43.531  -23.533  51.698 0.0000000000
65237  -43.095  -23.777  51.097 0.0000000000
65238  -41.277  -25.257  49.851 0.0000000000
65239  -41.730  -25.052  50.443 0.0000000000
65240  -41.477  -24.865  49.590 0.0000000000
65241  -41.487  -23.870  48.223 0.0000000000
65242  -41.820  -24.052  49.064 0.0000000000
65243  -41.977  -23.658  48.788 0.0000000000
65244  -42.464  -23.433  49.367 0.0000000000
65245  -42.099  -23.238  48.573 0.0000000000
65246  -42.194  -22.807  48.381 0.0000000000
65247  -41.697  -23.025  47.798 0.0000000000
65249  -40.803  -22.635  46.303 0.0000000000
65298  -21.733  -31.860  62.336 0.0000000000
65299  -21.790  -31.887  61.502 0.0000000000
65300  -22.869  -31.650  60.185 0.0000000000
65301  -22.818  -31.639  61.034 0.0000000000
65302  -23.335  -31.521  60.834 0.0000000000
65303  -23.783  -31.373  61.556 0.0000000000
65304  -23.834  -31.392  60.745 0.0000000000
65306  -22.990  -31.658  57.699 0.0000000000
65307  -23.522  -31.521  57.517 0.0000000000
65308  -24.953  -31.170  58.679 0.0000000000
65309  -24.457  -31.293  58.847 0.0000000000
65310  -24.908  -31.173  59.517 0.0000000000
65311  -24.867  -31.152  60.385 0.0000000000
65312  -25.379  -31.077  60.239 0.0000000000
65313  -25.867  -30.995  60.856 0.0000000000
65314  -25.895  -30.982  60.025 0.0000000000
65315  -26.967  -30.817  58.940 0.0000000000
65316  -26.941  -30.825  59.789 0.0000000000
65317  -27.442  -30.783  59.575 0.0000000000
65318  -27.964  -30.752  60.286 0.0000000000
65319  -27.973  -30.756  59.463 0.0000000000
65323  -33.437  -29.636  50.630 0.0000000000
65324  -32.935  -29.782  50.735 0.0000000000
65325  -33.466  -29.808  51.323 0.0000000000
65326  -33.456  -29.941  52.037 0.0000000000
65327  -34.022  -29.809  51.985 0.0000000000
65328  -35.635  -28.952  50.401 0.0000000000
65329  -35.102  -29.168  50.472 0.0000000000
65330  -35.716  -29.119  51.163 0.0000000000
65331  -36.191  -29.393  53.042 0.0000000000
65332  -35.662  -29.454  52.422 0.0000000000
65333  -35.663  -29.584  53.161 0.0000000000
65334  -35.111  -29.784  53.243 0.0000000000
65335  -35.660  -29.732  53.844 0.0000000000
65336  -35.656  -29.883  54.588 0.0000000000
65337  -36.199  -29.697  54.453 0.0000000000
65338  -37.849  -29.285  55.649 0.0000000000
65339  -37.282  -29.571  55.695 0.0000000000
65340  -37.857  -29.452  56.332 0.0000000000
65341  -37.832  -29.547  57.069 0.0000000000
65342  -38.356  -29.284  56.957 0.0000000000
65343  -38.843  -29.108  57.597 0.0000000000
65344  -38.860  -29.013  56.862 0.0000000000
65345  -39.809  -28.185  55.922 0.0000000000
65346  -39.794  -28.337  56.625 0.0000000000
65347  -40.268  -27.967  56.565 0.0000000000
65348  -40.720  -27.730  57.228 0.0000000000
65349  -40.695  -27.577  56.450 0.0000000000
65350  -39.675  -27.497  53.151 0.0000000000
65351  -39.728  -27.674  53.871 0.0000000000
65352  -40.200  -27.325  53.742 0.0000000000
65353  -41.582  -26.556  54.844 0.0000000000
65354  -41.096  -26.943  54.889 0.0000000000
65355  -41.551  -26.703  55.542 0.0000000000
65356  -41.586  -26.801  56.320 0.0000000000
65357  -41.957  -26.404  56.226 0.0000000000
65358  -42.360  -26.100  56.876 0.0000000000
65359  -42.424  -25.991  56.148 0.0000000000
65360  -43.189  -24.994  55.166 0.0000000000
65361  -43.213  -25.132  55.935 0.0000000000
65362  -43.542  -24.655  55.831 0.0000000000
65426  -19.493  -32.634  58.469 0.0000000000
65429  -20.825  -32.199  60.846 0.0000000000
66783  -47.338  -17.805  49.424 0.0000000000
66784  -48.060  -17.509  49.888 0.0000000000
66785  -47.697  -17.715  49.031 0.0000000000
66786  -47.993  -17.954  47.409 0.0000000000
66787  -48.330  -17.660  48.207 0.0000000000
66788  -48.697  -17.627  47.817 0.0000000000
66789  -49.400  -17.306  48.222 0.0000000000
66790  -49.014  -17.612  47.417 0.0000000000
66791  -46.484  -19.140  44.100 0.0000000000
66792  -46.890  -18.848  44.961 0.0000000000
66793  -47.170  -18.857  44.579 0.0000000000
66794  -48.849  -18.190  44.977 0.0000000000
66795  -48.542  -18.218  45.402 0.0000000000
66796  -49.198  -17.914  45.782 0.0000000000
66797  -49.585  -17.587  46.597 0.0000000000
66798  -49.891  -17.571  46.165 0.0000000000
66800  -50.196  -17.541  45.742 0.0000000000
66802  -50.774  -17.468  44.874 0.0000000000
66806  -49.823  -15.766  32.281 0.0000000000
66807  -50.112  -15.900  32.981 0.0000000000
66808  -50.507  -15.554  32.747 0.0000000000
66809  -52.206  -14.669  33.455 0.0000000000
66810  -51.809  -15.017  33.701 0.0000000000
66811  -52.412  -14.762  34.180 0.0000000000
66812  -52.623  -14.852  34.897 0.0000000000
66813  -53.026  -14.477  34.652 0.0000000000
66814  -53.866  -13.144  32.545 0.0000000000
66815  -53.495  -13.539  32.767 0.0000000000
66816  -54.025  -13.267  33.181 0.0000000000
66818  -54.425  -13.447  34.647 0.0000000000
67210  -5.445  -39.629  72.313 0.0000000000
67211  -5.060  -39.685  71.663 0.0000000000
67212  -5.293  -40.202  71.921 0.0000000000
72188  -42.937  -20.066  34.507 0.0000000000
72189  -43.662  -19.977  34.902 0.0000000000
72190  -43.331  -19.749  34.170 0.0000000000
72197  -44.108  -19.075  33.535 0.0000000000
72198  -44.501  -18.740  33.261 0.0000000000
72199  -45.203  -18.669  33.654 0.0000000000
72200  -44.891  -18.396  32.966 0.0000000000
72202  -45.656  -17.718  32.384 0.0000000000
72203  -46.077  -17.399  32.126 0.0000000000
72204  -46.766  -17.324  32.510 0.0000000000
72205  -46.474  -17.082  31.864 0.0000000000
72227  -47.297  -16.441  31.342 0.0000000000
72228  -47.738  -16.098  31.072 0.0000000000
72229  -48.422  -16.038  31.465 0.0000000000
72230  -48.172  -15.766  30.843 0.0000000000
72231  -48.718  -14.844  29.773 0.0000000000
72232  -48.997  -15.116  30.359 0.0000000000
72233  -49.410  -14.801  30.125 0.0000000000
72234  -50.120  -14.690  30.510 0.0000000000
72235  -49.852  -14.452  29.896 0.0000000000
72239  -50.169  -13.385  28.299 0.0000000000
72240  -49.759  -13.661  28.527 0.0000000000
72241  -50.461  -13.568  28.891 0.0000000000
72242  -50.739  -13.764  29.475 0.0000000000
72243  -51.174  -13.429  29.254 0.0000000000
72244  -51.862  -13.285  29.647 0.0000000000
72245  -51.609  -13.105  29.030 0.0000000000
72246  -52.174  -12.463  27.923 0.0000000000
72247  -52.448  -12.523  28.546 0.0000000000
72248  -52.898  -12.249  28.292 0.0000000000
72249  -53.616  -11.995  28.681 0.0000000000
72250  -53.365  -11.989  28.020 0.0000000000
72251  -53.768  -11.775  27.818 0.0000000000
72252  -53.092  -12.002  27.447 0.0000000000
72253  -51.772  -12.216  25.888 0.0000000000
72254  -52.495  -12.084  26.273 0.0000000000
72255  -52.187  -12.095  25.676 0.0000000000
72256  -52.638  -11.963  25.466 0.0000000000
72605  -8.459  -37.597  67.965 0.0000000000
72610  -13.538  -34.597  68.758 0.0000000000
72611  -13.243  -35.018  67.923 0.0000000000
72612  -13.113  -34.883  69.042 0.0000000000
72613  -11.985  -35.303  70.783 0.0000000000
72614  -12.209  -35.503  69.603 0.0000000000
72615  -11.741  -35.768  69.925 0.0000000000
72616  -11.465  -36.118  69.113 0.0000000000
72617  -11.285  -36.020  70.228 0.0000000000
72619  -11.152  -34.715  73.963 0.0000000000
72621  -9.546  -36.154  72.986 0.0000000000
72622  -10.124  -35.913  72.723 0.0000000000
72623  -9.938  -36.315  71.901 0.0000000000
72624  -10.249  -36.482  70.812 0.0000000000
72625  -9.682  -36.704  71.083 0.0000000000
72626  -9.433  -37.075  70.242 0.0000000000
72627  -9.111  -36.932  71.363 0.0000000000
72628  -7.581  -37.438  72.933 0.0000000000
72629  -7.922  -37.411  71.912 0.0000000000
72630  -7.316  -37.717  72.175 0.0000000000
72631  -7.100  -37.966  71.400 0.0000000000
72632  -6.725  -38.052  72.404 0.0000000000
72633  -6.229  -38.543  72.480 0.0000000000
72634  -6.567  -38.349  73.159 0.0000000000
72635  -7.727  -39.249  74.313 0.0000000000
76185  -48.012  -18.291  54.094 0.0000000000
76186  -48.213  -18.004  53.694 0.0000000000
76187  -47.685  -18.134  53.326 0.0000000000
76188  -44.647  -23.056  54.853 0.0000000000
76189  -45.023  -22.671  55.562 0.0000000000
76190  -44.872  -22.665  54.561 0.0000000000
76191  -45.080  -21.756  53.102 0.0000000000
76192  -45.292  -21.828  53.997 0.0000000000
76193  -45.431  -21.402  53.685 0.0000000000
76194  -45.788  -21.034  54.327 0.0000000000
76195  -45.597  -20.954  53.417 0.0000000000
76196  -43.700  -21.291  49.624 0.0000000000
76197  -44.086  -21.434  50.418 0.0000000000
76198  -44.134  -21.018  50.188 0.0000000000
76199  -45.118  -19.976  51.090 0.0000000000
76200  -45.033  -20.400  51.371 0.0000000000
76201  -45.448  -20.058  51.943 0.0000000000
76202  -45.766  -20.110  52.804 0.0000000000
76203  -45.878  -19.703  52.523 0.0000000000
76204  -46.333  -19.334  53.106 0.0000000000
76205  -46.030  -19.308  52.222 0.0000000000
76206  -45.956  -18.710  50.567 0.0000000000
76207  -46.324  -18.645  51.447 0.0000000000
76208  -46.466  -18.403  51.056 0.0000000000
76209  -47.023  -18.113  51.551 0.0000000000
76210  -46.681  -18.190  50.657 0.0000000000
76211  -46.920  -18.011  50.250 0.0000000000
76212  -46.319  -18.293  49.781 0.0000000000
76213  -45.003  -18.784  47.611 0.0000000000
76214  -45.589  -18.561  48.088 0.0000000000
76215  -45.196  -18.736  47.211 0.0000000000
76216  -45.433  -18.714  46.819 0.0000000000
76217  -44.864  -18.903  46.372 0.0000000000
76218  -42.756  -19.538  45.727 0.0000000000
76219  -43.323  -19.351  46.243 0.0000000000
76220  -42.935  -19.431  45.361 0.0000000000
76221  -42.918  -19.694  43.729 0.0000000000
76222  -43.312  -19.449  44.593 0.0000000000
76223  -43.474  -19.538  44.184 0.0000000000
76224  -44.091  -19.331  44.694 0.0000000000
76225  -43.734  -19.616  43.818 0.0000000000
76226  -43.996  -19.705  43.464 0.0000000000
76227  -43.358  -19.897  42.983 0.0000000000
76228  -41.932  -20.696  40.853 0.0000000000
76229  -42.552  -20.520  41.273 0.0000000000
76230  -42.190  -20.814  40.465 0.0000000000
76231  -42.424  -20.884  40.057 0.0000000000
76232  -41.792  -21.068  39.652 0.0000000000
76279  -38.670  -20.820  42.590 0.0000000000
76280  -38.151  -20.858  41.859 0.0000000000
76283  -38.518  -20.802  40.768 0.0000000000
76284  -39.200  -20.654  41.154 0.0000000000
76285  -38.709  -20.878  40.386 0.0000000000
76292  -39.037  -21.128  39.576 0.0000000000
76293  -39.243  -21.275  39.158 0.0000000000
76294  -39.967  -21.177  39.563 0.0000000000
76295  -39.422  -21.397  38.740 0.0000000000
76299  -40.917  -21.437  37.919 0.0000000000
76390  -22.649  -31.516  63.604 0.0000000000
76391  -22.588  -31.439  64.466 0.0000000000
76392  -23.109  -31.338  64.286 0.0000000000
76393  -24.558  -30.844  65.505 0.0000000000
76398  -26.709  -30.563  64.775 0.0000000000
76399  -26.149  -30.602  64.936 0.0000000000
76400  -26.658  -30.445  65.673 0.0000000000
76446  -27.518  -30.500  54.727 0.0000000000
76447  -27.043  -30.450  54.079 0.0000000000
76448  -27.038  -30.546  54.843 0.0000000000
76450  -27.032  -30.637  55.653 0.0000000000
76451  -27.020  -30.705  56.555 0.0000000000
76452  -27.517  -30.660  56.353 0.0000000000
76453  -29.031  -30.672  57.496 0.0000000000
76454  -28.506  -30.686  57.653 0.0000000000
76455  -28.990  -30.695  58.306 0.0000000000
76456  -28.974  -30.704  59.099 0.0000000000
76457  -29.518  -30.700  59.033 0.0000000000
76460  -31.236  -30.140  51.637 0.0000000000
76461  -31.708  -30.417  53.698 0.0000000000
76462  -31.196  -30.388  53.082 0.0000000000
76463  -31.166  -30.447  53.887 0.0000000000
76464  -30.612  -30.472  53.982 0.0000000000
76465  -31.141  -30.513  54.589 0.0000000000
76466  -33.905  -30.440  56.340 0.0000000000
76467  -33.334  -30.455  55.676 0.0000000000
76468  -33.306  -30.523  56.414 0.0000000000
76469  -32.199  -30.695  57.494 0.0000000000
76470  -32.201  -30.633  56.705 0.0000000000
76471  -31.644  -30.670  56.766 0.0000000000
76472  -31.114  -30.649  56.178 0.0000000000
76473  -31.123  -30.673  56.960 0.0000000000
76474  -30.599  -30.712  57.123 0.0000000000
76475  -31.115  -30.721  57.713 0.0000000000
76476  -31.608  -30.663  60.068 0.0000000000
76477  -31.092  -30.706  59.370 0.0000000000
76478  -31.064  -30.687  60.138 0.0000000000
76479  -30.538  -30.654  60.360 0.0000000000
76480  -31.054  -30.589  61.048 0.0000000000
76481  -31.007  -30.515  61.871 0.0000000000
76482  -31.549  -30.523  61.731 0.0000000000
76483  -33.087  -30.329  62.940 0.0000000000
76484  -32.561  -30.322  63.171 0.0000000000
76485  -33.027  -30.253  63.799 0.0000000000
76488  -35.262  -30.199  62.239 0.0000000000
76489  -34.713  -30.233  62.471 0.0000000000
76490  -35.198  -30.165  63.069 0.0000000000
76525  -39.714  -28.618  58.868 0.0000000000
76725  -13.419  -35.066  63.030 0.0000000000
76726  -13.866  -34.889  62.873 0.0000000000
76735  -17.529  -33.304  60.445 0.0000000000
76736  -17.055  -33.377  59.650 0.0000000000
76737  -17.054  -33.466  60.485 0.0000000000
76738  -16.119  -33.896  61.479 0.0000000000
76739  -16.112  -33.824  60.678 0.0000000000
76740  -15.643  -33.987  60.759 0.0000000000
76741  -15.127  -33.924  60.072 0.0000000000
76742  -15.168  -34.148  60.818 0.0000000000
76743  -14.701  -34.291  60.982 0.0000000000
76744  -15.197  -34.262  61.638 0.0000000000
76745  -15.598  -34.002  64.171 0.0000000000
76746  -15.198  -34.321  63.357 0.0000000000
76747  -15.168  -34.260  64.246 0.0000000000
76748  -14.749  -34.498  64.356 0.0000000000
76749  -15.121  -34.163  65.138 0.0000000000
76750  -15.049  -34.058  66.051 0.0000000000
76751  -15.474  -33.776  65.989 0.0000000000
76757  -18.484  -32.006  67.117 0.0000000000
76758  -17.992  -32.155  67.163 0.0000000000
76759  -18.415  -31.830  68.037 0.0000000000
80848  -50.323  -16.854  51.083 0.0000000000
80891  -43.608  -20.699  37.178 0.0000000000
80892  -43.961  -20.633  38.091 0.0000000000
80893  -44.330  -20.454  37.674 0.0000000000
80894  -46.099  -19.661  38.285 0.0000000000
80895  -45.709  -19.898  38.637 0.0000000000
80896  -46.420  -19.580  39.118 0.0000000000
80897  -46.745  -19.475  39.981 0.0000000000
80898  -47.093  -19.302  39.586 0.0000000000
80899  -47.553  -18.671  36.870 0.0000000000
80900  -47.142  -18.962  37.167 0.0000000000
80901  -47.836  -18.703  37.683 0.0000000000
80902  -49.120  -18.337  39.738 0.0000000000
80903  -48.452  -18.629  39.291 0.0000000000
80904  -48.779  -18.531  40.105 0.0000000000
80905  -48.406  -18.736  40.471 0.0000000000
80906  -49.061  -18.456  40.886 0.0000000000
80907  -49.406  -18.312  41.708 0.0000000000
80908  -49.749  -18.157  41.311 0.0000000000
80909  -51.332  -17.443  41.663 0.0000000000
80910  -51.028  -17.600  42.051 0.0000000000
80911  -51.672  -17.301  42.403 0.0000000000
80914  -50.583  -16.124  34.477 0.0000000000
80915  -50.184  -16.469  34.775 0.0000000000
80916  -50.812  -16.215  35.231 0.0000000000
80917  -51.976  -16.050  37.247 0.0000000000
80918  -51.314  -16.324  36.775 0.0000000000
80919  -51.576  -16.385  37.522 0.0000000000
80920  -51.221  -16.698  37.801 0.0000000000
80921  -51.841  -16.420  38.220 0.0000000000
81093  -54.609  -11.303  27.392 0.0000000000
81094  -55.333  -10.986  27.756 0.0000000000
81095  -55.052  -11.065  27.181 0.0000000000
81096  -55.689  -10.826  26.159 0.0000000000
81097  -55.976  -10.619  26.734 0.0000000000
81098  -56.415  -10.418  26.517 0.0000000000
81099  -57.141  -10.015  26.925 0.0000000000
81100  -56.858  -10.219  26.309 0.0000000000
81102  -54.865  -11.377  24.416 0.0000000000
81103  -55.295  -11.293  24.189 0.0000000000
81104  -57.274  -10.516  24.666 0.0000000000
81105  -56.814  -10.625  24.912 0.0000000000
81106  -57.539  -10.162  25.236 0.0000000000
81107  -57.762  -9.852  25.831 0.0000000000
81108  -58.243  -9.692  25.556 0.0000000000
81109  -58.992  -9.190  25.901 0.0000000000
81110  -58.709  -9.528  25.285 0.0000000000
81111  -59.337  -9.584  24.144 0.0000000000
81112  -59.643  -9.167  24.713 0.0000000000
81113  -60.076  -9.029  24.395 0.0000000000
81114  -60.816  -8.626  24.636 0.0000000000
81115  -60.518  -8.921  24.053 0.0000000000
81127  -58.167  -10.862  20.773 0.0000000000
81129  -57.732  -10.918  21.083 0.0000000000
81130  -57.294  -10.981  21.405 0.0000000000
81131  -58.099  -10.848  21.726 0.0000000000
81132  -58.445  -10.669  22.382 0.0000000000
81133  -58.892  -10.563  22.045 0.0000000000
81134  -60.804  -9.429  22.182 0.0000000000
81135  -60.373  -9.571  22.539 0.0000000000
81136  -61.100  -9.073  22.764 0.0000000000
81137  -61.417  -8.755  23.338 0.0000000000
81138  -61.841  -8.751  22.972 0.0000000000
81146  -61.417  -9.749  18.960 0.0000000000
81147  -61.768  -9.526  19.542 0.0000000000
81148  -62.183  -9.465  19.182 0.0000000000
92536  -39.504  -26.671  49.557 0.0000000000
92537  -39.719  -26.358  49.199 0.0000000000
92538  -39.283  -26.526  48.716 0.0000000000
92539  -39.036  -26.350  47.833 0.0000000000
92555  -36.666  -28.103  48.954 0.0000000000
92556  -37.131  -27.860  48.833 0.0000000000
92557  -37.642  -27.749  49.388 0.0000000000
92558  -38.156  -27.624  49.969 0.0000000000
92559  -38.673  -27.489  50.572 0.0000000000
92560  -38.620  -27.323  49.878 0.0000000000
92561  -39.067  -27.023  49.707 0.0000000000
92847  -43.721  -20.445  40.946 0.0000000000
92848  -44.422  -20.182  41.438 0.0000000000
92849  -44.020  -20.448  40.582 0.0000000000
92850  -44.380  -20.405  40.219 0.0000000000
92851  -44.736  -20.312  39.865 0.0000000000
92852  -54.083  -12.081  30.027 0.0000000000
92854  -54.770  -11.780  30.474 0.0000000000
92855  -55.405  -11.472  30.924 0.0000000000
92859  -56.957  -10.486  30.813 0.0000000000
92860  -57.407  -10.162  30.525 0.0000000000
92861  -57.901  -9.856  30.336 0.0000000000
92862  -57.265  -10.170  29.907 0.0000000000
92863  -57.054  -10.220  29.290 0.0000000000
92864  -56.824  -10.275  28.657 0.0000000000
94007  -12.529  -35.391  63.350 0.0000000000
94008  -12.087  -35.590  63.625 0.0000000000
94009  -12.571  -35.547  64.296 0.0000000000
94010  -12.590  -35.625  65.318 0.0000000000
94011  -12.555  -35.649  66.328 0.0000000000
94728  -41.290  -21.659  46.472 0.0000000000
94729  -41.778  -21.433  46.978 0.0000000000
94730  -41.228  -21.297  46.212 0.0000000000
94731  -41.298  -20.904  46.053 0.0000000000
94732  -41.302  -20.591  45.776 0.0000000000
94733  -41.368  -20.296  45.467 0.0000000000
94734  -40.815  -20.486  45.007 0.0000000000
94735  -40.331  -20.438  44.226 0.0000000000
94736  -39.884  -20.425  43.476 0.0000000000
94763  -20.932  -31.470  66.823 0.0000000000
94768  -27.897  -30.667  61.914 0.0000000000
94769  -27.874  -30.588  62.792 0.0000000000
94770  -28.410  -30.544  62.648 0.0000000000
94771  -28.894  -30.430  63.377 0.0000000000
94772  -29.370  -30.298  64.107 0.0000000000
94773  -29.857  -30.224  64.831 0.0000000000
94774  -29.885  -30.305  63.928 0.0000000000
94775  -30.406  -30.300  63.794 0.0000000000
94776  -30.922  -30.306  63.614 0.0000000000
94782  -36.708  -29.971  57.244 0.0000000000
94783  -36.167  -30.133  57.382 0.0000000000
94784  -36.678  -30.033  58.011 0.0000000000
94785  -36.630  -30.037  58.808 0.0000000000
94786  -36.553  -30.060  59.532 0.0000000000
94787  -36.525  -30.029  60.349 0.0000000000
94788  -37.090  -29.879  60.228 0.0000000000
94789  -37.549  -29.712  60.838 0.0000000000
94838  -19.725  -32.301  63.456 0.0000000000
94839  -19.651  -32.184  64.345 0.0000000000
94840  -19.587  -32.062  65.223 0.0000000000
94841  -20.083  -31.923  65.186 0.0000000000
94842  -20.520  -31.705  65.976 0.0000000000
95669  -47.370  -17.753  33.879 0.0000000000
95670  -47.633  -17.944  34.646 0.0000000000
95671  -48.042  -17.605  34.343 0.0000000000
95672  -48.724  -17.388  34.840 0.0000000000
95673  -49.362  -17.133  35.336 0.0000000000
99043  -43.170  -24.864  54.390 0.0000000000
99044  -43.417  -24.497  54.089 0.0000000000
99045  -43.043  -24.784  53.462 0.0000000000
99046  -42.867  -24.682  52.533 0.0000000000
99047  -42.724  -24.555  51.688 0.0000000000
99048  -40.694  -24.882  48.173 0.0000000000
99049  -41.154  -24.688  48.702 0.0000000000
99050  -40.848  -24.472  47.901 0.0000000000
99051  -40.980  -24.081  47.657 0.0000000000
99052  -41.133  -23.653  47.466 0.0000000000
99053  -41.189  -23.247  47.214 0.0000000000
99054  -40.702  -23.455  46.662 0.0000000000
99083  -21.393  -32.073  60.009 0.0000000000
99084  -21.845  -31.911  60.641 0.0000000000
99085  -21.900  -31.932  59.775 0.0000000000
99086  -22.404  -31.794  59.646 0.0000000000
99087  -22.921  -31.657  59.367 0.0000000000
99088  -24.041  -31.350  56.517 0.0000000000
99089  -24.001  -31.382  57.349 0.0000000000
99090  -24.528  -31.238  57.172 0.0000000000
99091  -24.994  -31.148  57.923 0.0000000000
99092  -25.452  -31.070  58.550 0.0000000000
99093  -25.922  -30.966  59.200 0.0000000000
99094  -25.957  -30.960  58.380 0.0000000000
99095  -26.472  -30.855  58.299 0.0000000000
99096  -26.982  -30.786  58.139 0.0000000000
99102  -36.736  -28.776  51.677 0.0000000000
99103  -36.198  -29.046  51.724 0.0000000000
99104  -36.738  -28.969  52.359 0.0000000000
99105  -36.750  -29.142  53.016 0.0000000000
99106  -36.720  -29.315  53.664 0.0000000000
99107  -36.732  -29.483  54.338 0.0000000000
99108  -37.271  -29.234  54.298 0.0000000000
99109  -37.794  -29.137  54.909 0.0000000000
99110  -38.340  -29.006  55.558 0.0000000000
99111  -38.876  -28.861  56.184 0.0000000000
99112  -38.848  -28.702  55.429 0.0000000000
99113  -39.347  -28.374  55.337 0.0000000000
99114  -39.784  -28.031  55.240 0.0000000000
99115  -40.641  -26.828  52.913 0.0000000000
99116  -40.616  -27.016  53.583 0.0000000000
99117  -41.115  -26.630  53.508 0.0000000000
99118  -41.575  -26.411  54.120 0.0000000000
99119  -42.013  -26.165  54.739 0.0000000000
99120  -42.407  -25.911  55.318 0.0000000000
99121  -42.406  -25.755  54.620 0.0000000000
99122  -42.812  -25.313  54.503 0.0000000000
99160  -19.998  -32.495  58.399 0.0000000000
99161  -20.492  -32.370  58.341 0.0000000000
99162  -20.949  -32.245  59.125 0.0000000000
99975  -46.602  -18.264  47.707 0.0000000000
99976  -47.306  -17.985  48.168 0.0000000000
99977  -46.931  -18.245  47.340 0.0000000000
99978  -47.255  -18.250  46.961 0.0000000000
99979  -47.565  -18.262  46.586 0.0000000000
99980  -47.148  -19.078  43.328 0.0000000000
99981  -47.491  -18.840  44.179 0.0000000000
99982  -47.808  -18.807  43.764 0.0000000000
99983  -48.502  -18.486  44.178 0.0000000000
99984  -49.169  -18.154  44.555 0.0000000000
99985  -49.828  -17.840  44.930 0.0000000000
99986  -49.464  -18.104  44.137 0.0000000000
99987  -49.769  -18.035  43.719 0.0000000000
99988  -50.090  -17.948  43.321 0.0000000000
99989  -50.656  -15.064  31.777 0.0000000000
99990  -50.927  -15.209  32.509 0.0000000000
99991  -51.348  -14.848  32.266 0.0000000000
99992  -51.986  -14.581  32.766 0.0000000000
99993  -52.615  -14.294  33.208 0.0000000000
99994  -55.056  -12.566  33.426 0.0000000000
99995  -54.622  -12.988  33.648 0.0000000000
99996  -55.234  -12.688  34.122 0.0000000000
100028  -60.499  -8.401  26.550 0.0000000000
103225  -44.555  -18.077  32.315 0.0000000000
103242  -47.169  -15.451  29.880 0.0000000000
103243  -47.853  -15.469  30.217 0.0000000000
103244  -47.601  -15.144  29.651 0.0000000000
103245  -48.001  -14.842  29.416 0.0000000000
103246  -48.432  -14.541  29.173 0.0000000000
103250  -49.930  -13.208  27.717 0.0000000000
103251  -50.630  -13.126  28.071 0.0000000000
103252  -51.308  -12.994  28.411 0.0000000000
103253  -51.048  -12.882  27.811 0.0000000000
103254  -51.466  -12.657  27.551 0.0000000000
103255  -51.937  -12.406  27.243 0.0000000000
103256  -52.386  -12.220  27.063 0.0000000000
103257  -51.670  -12.384  26.673 0.0000000000
103258  -51.358  -12.339  26.091 0.0000000000
103469  -8.961  -37.407  67.648 0.0000000000
103470  -8.827  -37.514  68.667 0.0000000000
103471  -13.136  -34.124  70.991 0.0000000000
103473  -12.673  -34.426  71.308 0.0000000000
103474  -12.216  -34.727  71.601 0.0000000000
103475  -11.699  -35.057  71.914 0.0000000000
103477  -10.199  -35.539  74.343 0.0000000000
103479  -9.295  -36.203  73.889 0.0000000000
103480  -8.973  -36.483  73.224 0.0000000000
103481  -8.758  -36.823  72.436 0.0000000000
103482  -8.439  -36.807  73.427 0.0000000000
103483  -7.891  -37.215  73.643 0.0000000000
103484  -7.429  -37.672  73.735 0.0000000000
103485  -6.977  -38.158  73.770 0.0000000000
103486  -7.528  -38.083  74.281 0.0000000000
103487  -7.859  -38.608  74.601 0.0000000000
105618  -44.385  -22.951  52.990 0.0000000000
105619  -44.734  -22.621  53.614 0.0000000000
105620  -44.537  -22.530  52.683 0.0000000000
105621  -44.694  -22.088  52.452 0.0000000000
105622  -44.791  -21.650  52.170 0.0000000000
105623  -43.782  -20.503  49.153 0.0000000000
105624  -44.224  -20.608  49.975 0.0000000000
105625  -44.296  -20.219  49.693 0.0000000000
105626  -44.778  -19.921  50.250 0.0000000000
105627  -45.208  -19.619  50.783 0.0000000000
105628  -45.678  -19.292  51.321 0.0000000000
105629  -45.345  -19.278  50.439 0.0000000000
105630  -45.451  -19.010  50.090 0.0000000000
105631  -45.594  -18.747  49.707 0.0000000000
105632  -45.758  -18.559  49.326 0.0000000000
105633  -45.225  -18.802  48.859 0.0000000000
105634  -44.837  -18.874  48.024 0.0000000000
105635  -44.434  -18.979  47.150 0.0000000000
105636  -41.954  -19.739  44.043 0.0000000000
105637  -42.510  -19.586  44.492 0.0000000000
105638  -42.126  -19.778  43.627 0.0000000000
105639  -42.296  -19.839  43.273 0.0000000000
105640  -42.544  -19.945  42.900 0.0000000000
105641  -42.765  -20.077  42.520 0.0000000000
105642  -42.150  -20.249  42.068 0.0000000000
105643  -41.716  -20.586  41.233 0.0000000000
105644  -41.292  -20.876  40.413 0.0000000000
105739  -23.677  -31.286  63.224 0.0000000000
105740  -23.621  -31.219  64.083 0.0000000000
105741  -24.149  -31.116  63.877 0.0000000000
105742  -24.598  -30.943  64.596 0.0000000000
105743  -25.097  -30.752  65.281 0.0000000000
105744  -27.702  -30.267  66.241 0.0000000000
105745  -27.133  -30.309  66.436 0.0000000000
105771  -28.051  -30.307  53.038 0.0000000000
105772  -27.539  -30.319  53.208 0.0000000000
105773  -28.041  -30.408  53.817 0.0000000000
105774  -28.045  -30.505  54.658 0.0000000000
105775  -28.038  -30.564  55.425 0.0000000000
105776  -28.017  -30.619  56.182 0.0000000000
105777  -28.521  -30.612  56.096 0.0000000000
105778  -29.033  -30.660  56.676 0.0000000000
105779  -29.538  -30.677  57.367 0.0000000000
105780  -32.303  -30.130  52.148 0.0000000000
105781  -31.781  -30.215  52.302 0.0000000000
105782  -32.281  -30.257  52.884 0.0000000000
105783  -32.259  -30.335  53.590 0.0000000000
105784  -32.252  -30.439  54.426 0.0000000000
105785  -33.834  -30.565  57.797 0.0000000000
105786  -33.273  -30.591  57.171 0.0000000000
105787  -33.261  -30.622  57.942 0.0000000000
105788  -32.765  -30.680  58.201 0.0000000000
105789  -32.184  -30.712  58.295 0.0000000000
105790  -31.650  -30.727  58.403 0.0000000000
105791  -32.150  -30.720  59.064 0.0000000000
105792  -32.159  -30.692  59.912 0.0000000000
105793  -32.127  -30.619  60.714 0.0000000000
105794  -32.118  -30.513  61.649 0.0000000000
105795  -32.630  -30.532  61.373 0.0000000000
105796  -33.110  -30.424  62.085 0.0000000000
105797  -33.651  -30.313  62.808 0.0000000000
105946  -17.470  -33.268  62.017 0.0000000000
105947  -17.037  -33.499  61.316 0.0000000000
105948  -17.007  -33.465  62.156 0.0000000000
105949  -16.563  -33.678  62.231 0.0000000000
105950  -16.122  -33.892  62.294 0.0000000000
105951  -15.651  -34.125  62.427 0.0000000000
105952  -16.085  -33.852  63.145 0.0000000000
105953  -16.042  -33.759  64.077 0.0000000000
105954  -15.977  -33.645  64.980 0.0000000000
105955  -15.907  -33.514  65.857 0.0000000000
105959  -19.370  -31.408  68.790 0.0000000000
105960  -18.866  -31.523  68.856 0.0000000000
108440  -44.324  -20.236  36.442 0.0000000000
108441  -44.700  -20.235  37.304 0.0000000000
108442  -45.033  -20.006  36.934 0.0000000000
108443  -45.748  -19.736  37.434 0.0000000000
108444  -46.465  -19.436  37.916 0.0000000000
108445  -48.872  -18.160  37.837 0.0000000000
108446  -48.505  -18.426  38.155 0.0000000000
108447  -49.142  -18.141  38.604 0.0000000000
108448  -49.461  -18.118  39.406 0.0000000000
108449  -49.775  -18.073  40.170 0.0000000000
108450  -50.095  -17.983  40.918 0.0000000000
108451  -50.450  -17.786  40.579 0.0000000000
108452  -51.063  -17.527  40.931 0.0000000000
108453  -51.671  -17.249  41.293 0.0000000000
108454  -51.863  -15.600  35.431 0.0000000000
108455  -51.447  -15.942  35.708 0.0000000000
108456  -52.092  -15.657  36.181 0.0000000000
108457  -52.328  -15.761  36.943 0.0000000000
108458  -52.587  -15.809  37.656 0.0000000000
108561  -54.086  -11.524  26.248 0.0000000000
108562  -54.791  -11.201  26.631 0.0000000000
108563  -54.571  -11.344  26.042 0.0000000000
108564  -55.008  -11.189  25.809 0.0000000000
108565  -55.450  -11.041  25.568 0.0000000000
108569  -56.932  -10.834  24.111 0.0000000000
108570  -57.711  -10.406  24.415 0.0000000000
108571  -58.432  -9.905  24.705 0.0000000000
108572  -58.147  -10.288  24.158 0.0000000000
108573  -58.611  -10.137  23.882 0.0000000000
108574  -59.078  -9.996  23.576 0.0000000000
108580  -57.818  -10.588  19.247 0.0000000000
108582  -58.183  -10.740  19.831 0.0000000000
108583  -58.598  -10.783  20.444 0.0000000000
108584  -58.946  -10.672  21.075 0.0000000000
108585  -59.319  -10.442  21.704 0.0000000000
108586  -59.733  -10.277  21.353 0.0000000000
108587  -60.490  -9.795  21.592 0.0000000000
108588  -61.245  -9.274  21.826 0.0000000000
108590  -61.630  -9.182  21.447 0.0000000000
108593  -62.263  -9.584  18.246 0.0000000000
108594  -62.599  -9.494  18.795 0.0000000000
108595  -62.945  -9.630  18.385 0.0000000000
116074  -41.444  -25.902  51.916 0.0000000000
116075  -41.694  -25.559  51.596 0.0000000000
116076  -41.265  -25.783  51.039 0.0000000000
116077  -40.989  -25.628  50.100 0.0000000000
116078  -40.789  -25.471  49.280 0.0000000000
116079  -40.075  -25.986  49.017 0.0000000000
116080  -40.276  -25.671  48.687 0.0000000000
116081  -40.523  -25.261  48.460 0.0000000000
116082  -40.222  -25.060  47.641 0.0000000000
116106  -22.012  -31.945  57.236 0.0000000000
116112  -23.575  -31.428  55.844 0.0000000000
116114  -24.544  -31.113  55.557 0.0000000000
116115  -25.042  -30.970  55.446 0.0000000000
116118  -35.067  -28.782  49.108 0.0000000000
116119  -35.618  -28.755  49.744 0.0000000000
116120  -36.235  -28.676  50.449 0.0000000000
116121  -36.659  -28.257  49.602 0.0000000000
116122  -36.658  -28.462  50.243 0.0000000000
116123  -36.717  -28.609  51.004 0.0000000000
116124  -37.212  -28.517  51.574 0.0000000000
116125  -37.742  -28.411  52.189 0.0000000000
116126  -38.198  -28.288  52.702 0.0000000000
116127  -38.737  -28.149  53.337 0.0000000000
116128  -38.735  -27.965  52.676 0.0000000000
116129  -39.201  -27.652  52.569 0.0000000000
116130  -39.672  -27.340  52.442 0.0000000000
116131  -39.173  -27.341  51.135 0.0000000000
116132  -39.678  -27.172  51.754 0.0000000000
116133  -40.170  -27.000  52.354 0.0000000000
116134  -40.586  -26.669  52.163 0.0000000000
116135  -41.026  -26.327  52.027 0.0000000000
116799  -45.172  -19.314  44.360 0.0000000000
116800  -45.869  -19.082  44.838 0.0000000000
116801  -45.516  -19.365  44.016 0.0000000000
116802  -45.837  -19.393  43.625 0.0000000000
116803  -46.159  -19.395  43.238 0.0000000000
116804  -45.120  -19.921  41.934 0.0000000000
116805  -45.801  -19.629  42.413 0.0000000000
116806  -46.467  -19.355  42.874 0.0000000000
116807  -46.793  -19.293  42.492 0.0000000000
116808  -47.121  -19.219  42.081 0.0000000000
116809  -47.436  -19.139  41.686 0.0000000000
116810  -52.325  -13.599  30.903 0.0000000000
116811  -52.615  -13.704  31.618 0.0000000000
116812  -53.002  -13.338  31.395 0.0000000000
116813  -53.661  -13.048  31.878 0.0000000000
116814  -54.285  -12.764  32.306 0.0000000000
116815  -54.523  -12.256  31.402 0.0000000000
116816  -54.707  -12.362  32.080 0.0000000000
116817  -54.890  -12.454  32.743 0.0000000000
116818  -55.505  -12.120  33.188 0.0000000000
116819  -56.128  -11.823  33.663 0.0000000000
116835  -58.388  -9.559  30.136 0.0000000000
116839  -58.881  -9.083  28.374 0.0000000000
116840  -58.608  -9.204  27.718 0.0000000000
119512  -11.641  -35.785  63.919 0.0000000000
119514  -10.775  -36.162  64.560 0.0000000000
119515  -10.809  -36.400  65.482 0.0000000000
119516  -10.808  -36.561  66.490 0.0000000000
119517  -10.763  -36.651  67.525 0.0000000000
121188  -43.114  -22.366  49.477 0.0000000000
121189  -43.583  -22.118  50.060 0.0000000000
121190  -43.136  -21.983  49.223 0.0000000000
121191  -43.222  -21.528  49.054 0.0000000000
121192  -43.278  -21.136  48.857 0.0000000000
121193  -42.273  -21.196  47.502 0.0000000000
121194  -42.779  -20.979  48.044 0.0000000000
121195  -43.284  -20.741  48.603 0.0000000000
121196  -43.324  -20.378  48.353 0.0000000000
121197  -43.370  -20.015  48.090 0.0000000000
121198  -43.472  -19.726  47.761 0.0000000000
121199  -43.611  -19.452  47.442 0.0000000000
121200  -43.049  -19.681  46.936 0.0000000000
121201  -42.616  -19.685  46.090 0.0000000000
121202  -42.226  -19.690  45.269 0.0000000000
121203  -41.458  -20.044  45.145 0.0000000000
121204  -41.635  -19.878  44.802 0.0000000000
121205  -41.768  -19.780  44.409 0.0000000000
121206  -41.368  -19.900  43.583 0.0000000000
121207  -40.921  -20.108  42.767 0.0000000000
121208  -40.515  -20.318  41.973 0.0000000000
121282  -25.766  -30.916  62.507 0.0000000000
121283  -25.711  -30.847  63.367 0.0000000000
121284  -26.251  -30.804  63.177 0.0000000000
121285  -26.767  -30.637  63.936 0.0000000000
121286  -27.252  -30.483  64.702 0.0000000000
121287  -27.848  -30.507  63.666 0.0000000000
121288  -27.820  -30.414  64.512 0.0000000000
121289  -27.766  -30.330  65.356 0.0000000000
121290  -28.239  -30.225  66.150 0.0000000000
121297  -30.315  -30.149  65.487 0.0000000000
121310  -28.036  -30.155  52.262 0.0000000000
121311  -28.541  -30.302  52.881 0.0000000000
121312  -29.034  -30.403  53.526 0.0000000000
121313  -29.574  -30.502  54.227 0.0000000000
121314  -34.502  -30.164  54.739 0.0000000000
121315  -33.918  -30.282  54.800 0.0000000000
121316  -34.477  -30.267  55.412 0.0000000000
121317  -34.432  -30.363  56.158 0.0000000000
121318  -34.415  -30.416  56.866 0.0000000000
121319  -35.578  -30.257  57.446 0.0000000000
121320  -34.947  -30.376  57.524 0.0000000000
121321  -34.424  -30.478  57.751 0.0000000000
121322  -34.389  -30.505  58.479 0.0000000000
121323  -34.338  -30.530  59.245 0.0000000000
121324  -34.306  -30.503  60.035 0.0000000000
121325  -34.287  -30.441  60.950 0.0000000000
121326  -34.828  -30.396  60.761 0.0000000000
121327  -35.343  -30.250  61.451 0.0000000000
121328  -35.820  -30.099  62.128 0.0000000000
121329  -36.453  -30.008  61.148 0.0000000000
121330  -36.358  -30.025  61.876 0.0000000000
121331  -36.283  -30.024  62.707 0.0000000000
121441  -18.021  -33.085  59.462 0.0000000000
121442  -18.012  -33.123  60.254 0.0000000000
121443  -17.976  -33.125  61.109 0.0000000000
121445  -18.395  -32.903  61.943 0.0000000000
121446  -17.937  -33.087  61.947 0.0000000000
121449  -17.757  -32.771  64.673 0.0000000000
121450  -17.678  -32.637  65.502 0.0000000000
121451  -18.147  -32.458  65.450 0.0000000000
121452  -18.555  -32.171  66.212 0.0000000000
121453  -18.973  -31.882  67.048 0.0000000000
121454  -19.535  -31.935  66.091 0.0000000000
121455  -19.488  -31.778  66.989 0.0000000000
121456  -19.431  -31.594  67.884 0.0000000000
123383  -45.848  -19.056  35.077 0.0000000000
123384  -46.178  -19.162  35.894 0.0000000000
123385  -46.546  -18.866  35.567 0.0000000000
123386  -47.224  -18.628  36.039 0.0000000000
123387  -47.884  -18.397  36.538 0.0000000000
123388  -47.948  -18.031  35.442 0.0000000000
123389  -48.239  -18.101  36.234 0.0000000000
123390  -48.544  -18.166  37.016 0.0000000000
123391  -49.180  -17.893  37.520 0.0000000000
123392  -49.820  -17.590  37.952 0.0000000000
123393  -50.472  -17.303  38.388 0.0000000000
123477  -52.794  -11.615  23.828 0.0000000000
123478  -53.591  -11.636  24.231 0.0000000000
123479  -53.240  -11.554  23.611 0.0000000000
123480  -53.711  -11.489  23.395 0.0000000000
123481  -54.188  -11.422  23.176 0.0000000000
123496  -58.226  -10.530  18.941 0.0000000000
123497  -59.012  -10.560  19.198 0.0000000000
123498  -59.811  -10.378  19.451 0.0000000000
123499  -60.591  -10.044  19.699 0.0000000000
123500  -60.241  -10.225  19.103 0.0000000000
123501  -60.672  -10.068  18.738 0.0000000000
123502  -61.054  -9.927  18.378 0.0000000000
123503  -59.895  -10.095  17.579 0.0000000000
123504  -60.685  -9.987  17.806 0.0000000000
123505  -61.483  -9.788  18.039 0.0000000000
129497  -14.220  -34.602  66.298 0.0000000000
129498  -13.782  -34.864  66.579 0.0000000000
129499  -14.124  -34.471  67.394 0.0000000000
129500  -13.983  -34.294  68.480 0.0000000000
129505  -13.363  -33.520  71.821 0.0000000000
131011  -44.406  -23.455  55.156 0.0000000000
131012  -44.272  -23.422  54.174 0.0000000000
131013  -43.677  -24.120  53.779 0.0000000000
131014  -43.913  -23.732  53.528 0.0000000000
131015  -44.149  -23.345  53.251 0.0000000000
131016  -43.952  -23.272  52.308 0.0000000000
131017  -43.699  -23.128  51.418 0.0000000000
131018  -43.394  -22.950  50.544 0.0000000000
131019  -41.966  -25.182  51.284 0.0000000000
131020  -42.217  -24.817  51.056 0.0000000000
131021  -42.475  -24.411  50.791 0.0000000000
131022  -41.634  -24.492  49.258 0.0000000000
131023  -42.131  -24.264  49.866 0.0000000000
131024  -42.630  -24.021  50.494 0.0000000000
131025  -42.810  -23.616  50.212 0.0000000000
131026  -42.923  -23.209  49.938 0.0000000000
131027  -43.041  -22.774  49.723 0.0000000000
131028  -42.664  -22.594  48.935 0.0000000000
131029  -42.218  -22.414  48.140 0.0000000000
131030  -41.730  -22.223  47.364 0.0000000000
131031  -41.281  -22.826  47.024 0.0000000000
131032  -41.258  -22.433  46.830 0.0000000000
131033  -41.307  -22.042  46.668 0.0000000000
131034  -40.790  -21.860  45.943 0.0000000000
131035  -40.239  -21.717  45.225 0.0000000000
131094  -21.608  -31.724  64.029 0.0000000000
131096  -22.209  -31.661  63.001 0.0000000000
131097  -22.710  -31.570  62.769 0.0000000000
131098  -22.316  -31.750  61.218 0.0000000000
131099  -22.764  -31.618  61.902 0.0000000000
131100  -23.225  -31.448  62.589 0.0000000000
131101  -23.733  -31.337  62.382 0.0000000000
131102  -24.253  -31.215  62.251 0.0000000000
131103  -24.773  -31.128  62.041 0.0000000000
131104  -22.494  -31.805  57.882 0.0000000000
131105  -22.953  -31.668  58.527 0.0000000000
131106  -23.443  -31.531  59.241 0.0000000000
131107  -23.978  -31.401  58.205 0.0000000000
131108  -23.940  -31.406  59.066 0.0000000000
131109  -23.894  -31.398  59.928 0.0000000000
131110  -24.360  -31.273  60.494 0.0000000000
131111  -24.818  -31.152  61.192 0.0000000000
131112  -25.299  -31.048  61.848 0.0000000000
131113  -25.818  -30.967  61.646 0.0000000000
131114  -26.351  -30.865  61.549 0.0000000000
131115  -26.855  -30.816  61.337 0.0000000000
131116  -26.419  -30.893  59.872 0.0000000000
131117  -26.895  -30.826  60.523 0.0000000000
131118  -27.434  -30.747  61.287 0.0000000000
131119  -27.923  -30.726  61.057 0.0000000000
131120  -28.447  -30.673  60.945 0.0000000000
131121  -28.973  -30.658  60.848 0.0000000000
131127  -32.379  -29.706  50.123 0.0000000000
131128  -32.370  -29.876  50.827 0.0000000000
131129  -32.334  -30.023  51.465 0.0000000000
131130  -32.906  -30.064  52.150 0.0000000000
131131  -33.447  -30.087  52.771 0.0000000000
131132  -33.982  -30.063  53.403 0.0000000000
131134  -34.594  -29.354  50.520 0.0000000000
131135  -34.590  -29.507  51.223 0.0000000000
131136  -35.662  -29.294  51.743 0.0000000000
131137  -35.138  -29.487  51.839 0.0000000000
131138  -34.621  -29.678  51.942 0.0000000000
131139  -34.560  -29.799  52.578 0.0000000000
131140  -34.584  -29.935  53.324 0.0000000000
131141  -34.512  -30.049  54.010 0.0000000000
131142  -35.056  -30.029  54.587 0.0000000000
131143  -35.610  -29.991  55.221 0.0000000000
131144  -36.172  -29.969  55.863 0.0000000000
131145  -36.742  -29.644  55.054 0.0000000000
131146  -36.744  -29.781  55.742 0.0000000000
131147  -36.693  -29.916  56.438 0.0000000000
131148  -37.276  -29.802  57.161 0.0000000000
131149  -37.810  -29.612  57.819 0.0000000000
131150  -38.294  -29.423  58.458 0.0000000000
131151  -38.743  -29.215  59.082 0.0000000000
131152  -38.794  -29.158  58.344 0.0000000000
131153  -39.281  -28.893  58.213 0.0000000000
131154  -39.755  -28.567  58.103 0.0000000000
131155  -39.357  -28.706  56.758 0.0000000000
131156  -39.784  -28.468  57.355 0.0000000000
131157  -40.207  -28.193  58.011 0.0000000000
131158  -40.688  -27.800  57.964 0.0000000000
131159  -41.069  -27.461  57.820 0.0000000000
131160  -41.543  -27.009  57.769 0.0000000000
131161  -39.266  -27.998  53.967 0.0000000000
131162  -39.758  -27.847  54.537 0.0000000000
131163  -40.214  -27.655  55.111 0.0000000000
131164  -40.648  -27.146  54.297 0.0000000000
131165  -40.711  -27.307  55.079 0.0000000000
131166  -40.654  -27.455  55.702 0.0000000000
131167  -41.110  -27.230  56.369 0.0000000000
131168  -41.526  -26.947  56.987 0.0000000000
131170  -42.344  -26.182  57.615 0.0000000000
131173  -42.813  -25.584  56.003 0.0000000000
131174  -43.200  -25.223  56.707 0.0000000000
131255  -18.496  -32.875  58.603 0.0000000000
131256  -18.974  -32.809  59.337 0.0000000000
131257  -19.446  -32.664  60.088 0.0000000000
131258  -19.965  -32.520  59.210 0.0000000000
131259  -19.922  -32.519  60.031 0.0000000000
131262  -20.729  -32.083  62.561 0.0000000000
132977  -48.448  -17.379  50.723 0.0000000000
132980  -48.017  -17.674  48.618 0.0000000000
132981  -48.743  -17.345  49.068 0.0000000000
132982  -49.509  -17.046  49.507 0.0000000000
132983  -49.826  -16.994  49.076 0.0000000000
132986  -46.547  -18.823  45.336 0.0000000000
132987  -47.222  -18.551  45.781 0.0000000000
132988  -47.893  -18.272  46.204 0.0000000000
132989  -47.853  -18.549  44.993 0.0000000000
132990  -48.193  -18.267  45.816 0.0000000000
132991  -48.611  -17.945  46.622 0.0000000000
132992  -49.311  -17.603  47.022 0.0000000000
132993  -49.995  -17.267  47.365 0.0000000000
132998  -50.480  -17.513  45.302 0.0000000000
133004  -48.960  -16.440  32.790 0.0000000000
133005  -49.258  -16.591  33.496 0.0000000000
133006  -49.659  -16.261  33.244 0.0000000000
133007  -50.335  -16.028  33.708 0.0000000000
133008  -50.986  -15.770  34.189 0.0000000000
133009  -51.168  -15.289  33.213 0.0000000000
133010  -51.380  -15.407  33.934 0.0000000000
133011  -51.596  -15.512  34.697 0.0000000000
133012  -52.240  -15.230  35.156 0.0000000000
133013  -52.862  -14.950  35.644 0.0000000000
133014  -53.490  -14.669  36.149 0.0000000000
133015  -52.853  -13.811  32.311 0.0000000000
133016  -53.034  -13.921  32.991 0.0000000000
133017  -53.193  -14.018  33.660 0.0000000000
133018  -54.211  -13.380  33.907 0.0000000000
133019  -53.777  -13.756  34.145 0.0000000000
133020  -53.416  -14.110  34.391 0.0000000000
133021  -53.649  -14.208  35.139 0.0000000000
133516  -5.693  -38.786  71.060 0.0000000000
139743  -42.119  -21.202  37.578 0.0000000000
139744  -42.883  -21.000  37.992 0.0000000000
139745  -42.489  -21.056  37.161 0.0000000000
139746  -42.874  -20.881  36.749 0.0000000000
139747  -43.251  -20.677  36.382 0.0000000000
139749  -42.893  -20.581  35.587 0.0000000000
139750  -43.618  -20.434  36.026 0.0000000000
139751  -44.018  -20.142  35.661 0.0000000000
139752  -44.385  -19.834  35.325 0.0000000000
139753  -44.794  -19.518  34.994 0.0000000000
139760  -43.723  -19.412  33.834 0.0000000000
139761  -44.456  -19.335  34.246 0.0000000000
139762  -45.183  -19.197  34.659 0.0000000000
139763  -45.529  -18.890  34.354 0.0000000000
139764  -45.915  -18.559  34.055 0.0000000000
139765  -46.288  -18.232  33.748 0.0000000000
139766  -45.275  -18.054  32.671 0.0000000000
139767  -45.973  -17.999  33.069 0.0000000000
139768  -46.663  -17.904  33.465 0.0000000000
139769  -47.079  -17.562  33.183 0.0000000000
139770  -47.472  -17.239  32.909 0.0000000000
139771  -47.832  -16.929  32.612 0.0000000000
139796  -46.881  -16.765  31.601 0.0000000000
139797  -47.576  -16.685  31.960 0.0000000000
139798  -48.262  -16.587  32.351 0.0000000000
139799  -48.714  -16.247  32.117 0.0000000000
139800  -49.151  -15.911  31.866 0.0000000000
139801  -49.584  -15.577  31.604 0.0000000000
139802  -48.588  -15.435  30.586 0.0000000000
139803  -49.280  -15.372  30.963 0.0000000000
139804  -49.989  -15.243  31.352 0.0000000000
139805  -50.398  -14.901  31.123 0.0000000000
139806  -50.832  -14.542  30.901 0.0000000000
139807  -51.266  -14.181  30.677 0.0000000000
139809  -48.134  -14.202  28.601 0.0000000000
139810  -48.896  -14.230  28.967 0.0000000000
139812  -49.344  -13.943  28.746 0.0000000000
139813  -49.610  -14.193  29.338 0.0000000000
139814  -50.292  -14.112  29.687 0.0000000000
139815  -51.017  -13.974  30.058 0.0000000000
139816  -51.680  -13.815  30.457 0.0000000000
139817  -52.096  -13.438  30.261 0.0000000000
139818  -52.564  -13.051  30.076 0.0000000000
139819  -52.987  -12.692  29.850 0.0000000000
139820  -52.005  -12.822  28.787 0.0000000000
139821  -52.706  -12.604  29.192 0.0000000000
139822  -53.369  -12.374  29.602 0.0000000000
139823  -53.856  -12.025  29.361 0.0000000000
139824  -54.325  -11.703  29.090 0.0000000000
139825  -54.788  -11.415  28.803 0.0000000000
139826  -55.202  -11.166  28.599 0.0000000000
139827  -54.498  -11.463  28.184 0.0000000000
139828  -54.193  -11.528  27.613 0.0000000000
139829  -53.930  -11.600  27.030 0.0000000000
139830  -52.816  -12.043  26.866 0.0000000000
139831  -53.224  -11.880  26.667 0.0000000000
139832  -53.630  -11.707  26.447 0.0000000000
139833  -53.355  -11.789  25.858 0.0000000000
139834  -53.099  -11.833  25.256 0.0000000000
139835  -52.760  -11.799  24.635 0.0000000000
139843  -51.969  -11.748  24.241 0.0000000000
139844  -52.400  -11.674  24.036 0.0000000000
139845  -52.085  -11.445  23.483 0.0000000000
140266  -13.335  -35.125  66.894 0.0000000000
140267  -12.908  -35.382  67.111 0.0000000000
140268  -12.474  -35.642  67.440 0.0000000000
140269  -12.663  -35.181  69.376 0.0000000000
140270  -12.363  -35.595  68.565 0.0000000000
140271  -12.054  -35.903  67.711 0.0000000000
140272  -11.590  -36.162  68.022 0.0000000000
140273  -11.136  -36.425  68.303 0.0000000000
140274  -10.657  -36.660  68.592 0.0000000000
140275  -11.652  -34.338  73.677 0.0000000000
140276  -11.401  -34.838  72.994 0.0000000000
140277  -11.213  -35.338  72.172 0.0000000000
140278  -10.361  -35.477  73.487 0.0000000000
140279  -10.661  -35.633  72.452 0.0000000000
140280  -10.988  -35.843  71.358 0.0000000000
140281  -10.777  -36.250  70.532 0.0000000000
140282  -10.495  -36.602  69.698 0.0000000000
140283  -10.168  -36.900  68.871 0.0000000000
140284  -9.668  -37.128  69.177 0.0000000000
140285  -9.121  -37.338  69.510 0.0000000000
140287  -8.498  -37.162  71.690 0.0000000000
140288  -8.320  -37.501  70.812 0.0000000000
140293  -5.966  -38.707  71.742 0.0000000000
140294  -5.816  -39.069  72.442 0.0000000000
140295  -5.904  -39.535  72.908 0.0000000000
140296  -6.705  -38.789  73.640 0.0000000000
140297  -6.479  -39.416  73.462 0.0000000000
144633  -48.841  -17.960  53.963 0.0000000000
144634  -48.497  -17.725  53.271 0.0000000000
144637  -45.362  -22.313  56.233 0.0000000000
144639  -45.080  -22.262  54.259 0.0000000000
144645  -44.071  -21.841  50.693 0.0000000000
144646  -44.479  -21.548  51.290 0.0000000000
144647  -44.876  -21.251  51.866 0.0000000000
144648  -44.599  -20.706  50.794 0.0000000000
144649  -44.937  -20.804  51.611 0.0000000000
144650  -45.269  -20.935  52.450 0.0000000000
144651  -45.690  -20.547  53.106 0.0000000000
144652  -46.098  -20.180  53.739 0.0000000000
144655  -46.794  -19.047  53.608 0.0000000000
144656  -46.969  -18.674  53.267 0.0000000000
144657  -46.157  -18.966  51.857 0.0000000000
144658  -46.663  -18.647  52.396 0.0000000000
144659  -47.166  -18.361  52.880 0.0000000000
144660  -47.378  -18.072  52.475 0.0000000000
144661  -47.618  -17.846  52.022 0.0000000000
144663  -47.507  -17.764  50.703 0.0000000000
144664  -47.092  -17.918  49.834 0.0000000000
144665  -46.742  -18.072  48.989 0.0000000000
144666  -45.968  -18.397  48.934 0.0000000000
144667  -46.149  -18.340  48.537 0.0000000000
144668  -46.380  -18.288  48.121 0.0000000000
144669  -46.019  -18.496  47.278 0.0000000000
144670  -45.674  -18.715  46.457 0.0000000000
144671  -45.287  -18.973  45.589 0.0000000000
144672  -43.751  -19.283  47.069 0.0000000000
144673  -43.896  -19.161  46.696 0.0000000000
144674  -44.062  -19.092  46.292 0.0000000000
144675  -43.111  -19.421  44.974 0.0000000000
144676  -43.703  -19.247  45.452 0.0000000000
144677  -44.273  -19.068  45.932 0.0000000000
144678  -44.485  -19.104  45.527 0.0000000000
144679  -44.681  -19.151  45.153 0.0000000000
144680  -44.929  -19.236  44.757 0.0000000000
144681  -44.573  -19.512  43.920 0.0000000000
144682  -44.187  -19.803  43.063 0.0000000000
144683  -43.832  -20.109  42.217 0.0000000000
144684  -42.942  -20.210  42.119 0.0000000000
144685  -43.200  -20.323  41.732 0.0000000000
144686  -43.456  -20.393  41.337 0.0000000000
144687  -43.087  -20.672  40.495 0.0000000000
144688  -42.668  -20.923  39.648 0.0000000000
144689  -42.300  -21.130  38.809 0.0000000000
144716  -39.141  -21.406  43.859 0.0000000000
144744  -39.219  -20.810  43.360 0.0000000000
144745  -39.321  -20.605  43.037 0.0000000000
144746  -39.383  -20.489  42.661 0.0000000000
144748  -38.920  -20.615  41.894 0.0000000000
144749  -39.491  -20.432  42.294 0.0000000000
144750  -39.698  -20.433  41.917 0.0000000000
144751  -39.844  -20.474  41.548 0.0000000000
144752  -40.006  -20.603  41.158 0.0000000000
144759  -38.829  -21.007  39.962 0.0000000000
144760  -39.552  -20.881  40.364 0.0000000000
144761  -40.232  -20.745  40.766 0.0000000000
144762  -40.469  -20.884  40.398 0.0000000000
144763  -40.678  -21.036  39.963 0.0000000000
144764  -40.875  -21.149  39.578 0.0000000000
144765  -39.701  -21.471  38.344 0.0000000000
144766  -40.374  -21.401  38.723 0.0000000000
144767  -41.094  -21.239  39.205 0.0000000000
144768  -41.292  -21.321  38.742 0.0000000000
144769  -41.596  -21.297  38.370 0.0000000000
144770  -41.851  -21.259  37.959 0.0000000000
144880  -22.089  -31.518  64.690 0.0000000000
144881  -22.536  -31.343  65.308 0.0000000000
144883  -23.565  -31.145  64.936 0.0000000000
144889  -25.674  -30.761  64.261 0.0000000000
144890  -25.617  -30.670  65.138 0.0000000000
144941  -25.044  -30.828  54.614 0.0000000000
144942  -25.534  -30.808  55.284 0.0000000000
144951  -26.011  -30.793  55.920 0.0000000000
144952  -26.525  -30.763  56.660 0.0000000000
144953  -27.004  -30.753  57.365 0.0000000000
144954  -27.501  -30.751  58.015 0.0000000000
144955  -28.006  -30.669  57.031 0.0000000000
144956  -27.971  -30.729  57.872 0.0000000000
144957  -27.983  -30.744  58.645 0.0000000000
144958  -28.478  -30.713  59.292 0.0000000000
144959  -28.983  -30.680  59.998 0.0000000000
144960  -29.482  -30.644  60.653 0.0000000000
144963  -30.113  -30.192  51.841 0.0000000000
144964  -31.219  -30.275  52.415 0.0000000000
144965  -30.664  -30.291  52.495 0.0000000000
144966  -30.135  -30.316  52.670 0.0000000000
144967  -30.101  -30.407  53.336 0.0000000000
144968  -30.071  -30.487  54.086 0.0000000000
144969  -30.087  -30.546  54.894 0.0000000000
144970  -33.388  -30.376  54.952 0.0000000000
144971  -32.790  -30.448  55.043 0.0000000000
144972  -32.276  -30.503  55.235 0.0000000000
144973  -32.772  -30.580  56.607 0.0000000000
144974  -32.213  -30.559  55.887 0.0000000000
144975  -31.645  -30.534  55.246 0.0000000000
144976  -31.133  -30.575  55.373 0.0000000000
144977  -30.601  -30.605  55.530 0.0000000000
144978  -30.074  -30.638  55.655 0.0000000000
144979  -30.067  -30.659  56.437 0.0000000000
144980  -30.074  -30.685  57.257 0.0000000000
144981  -30.060  -30.703  58.073 0.0000000000
144982  -31.096  -30.736  58.548 0.0000000000
144983  -30.587  -30.736  58.726 0.0000000000
144984  -30.046  -30.708  58.834 0.0000000000
144985  -30.032  -30.691  59.652 0.0000000000
144986  -29.995  -30.665  60.470 0.0000000000
144987  -29.974  -30.591  61.345 0.0000000000
144988  -30.476  -30.501  62.063 0.0000000000
144989  -30.969  -30.411  62.753 0.0000000000
144990  -31.471  -30.325  63.440 0.0000000000
144991  -32.075  -30.435  62.482 0.0000000000
144992  -32.015  -30.310  63.320 0.0000000000
144993  -31.970  -30.219  64.179 0.0000000000
144997  -34.224  -30.380  61.761 0.0000000000
144998  -34.165  -30.283  62.598 0.0000000000
144999  -34.114  -30.226  63.469 0.0000000000
145282  -12.458  -35.177  62.580 0.0000000000
145283  -12.976  -35.231  63.233 0.0000000000
145284  -13.450  -35.136  63.852 0.0000000000
145285  -13.888  -34.948  64.622 0.0000000000
145298  -16.583  -33.640  60.542 0.0000000000
145305  -14.212  -34.429  61.106 0.0000000000
145306  -14.282  -34.603  61.900 0.0000000000
145307  -15.209  -34.319  62.495 0.0000000000
145308  -14.752  -34.519  62.583 0.0000000000
145309  -14.318  -34.718  62.751 0.0000000000
145310  -14.319  -34.753  63.611 0.0000000000
145311  -14.312  -34.733  64.489 0.0000000000
145312  -14.274  -34.683  65.408 0.0000000000
145313  -14.631  -34.330  66.174 0.0000000000
145314  -14.966  -33.918  67.007 0.0000000000
145325  -18.345  -31.641  68.929 0.0000000000
150309  -43.587  -20.784  38.492 0.0000000000
150310  -44.339  -20.516  38.968 0.0000000000
150311  -45.045  -20.210  39.442 0.0000000000
150312  -45.008  -20.187  38.159 0.0000000000
150313  -45.381  -20.054  39.050 0.0000000000
150314  -45.729  -19.912  39.918 0.0000000000
150315  -46.419  -19.622  40.390 0.0000000000
150316  -47.081  -19.324  40.838 0.0000000000
150317  -47.734  -19.027  41.276 0.0000000000
150318  -46.476  -19.209  36.707 0.0000000000
150319  -46.813  -19.201  37.523 0.0000000000
150320  -47.127  -19.174  38.398 0.0000000000
150321  -48.121  -18.691  38.476 0.0000000000
150322  -47.788  -18.904  38.819 0.0000000000
150323  -47.452  -19.106  39.218 0.0000000000
150324  -47.765  -19.016  40.032 0.0000000000
150325  -48.090  -18.893  40.873 0.0000000000
150326  -48.391  -18.723  41.713 0.0000000000
150327  -49.072  -18.438  42.131 0.0000000000
150328  -49.747  -18.152  42.526 0.0000000000
150329  -50.387  -17.864  42.885 0.0000000000
150330  -50.396  -17.874  41.688 0.0000000000
150331  -50.710  -17.757  42.446 0.0000000000
150336  -49.523  -16.715  34.276 0.0000000000
150337  -49.768  -16.810  35.024 0.0000000000
150338  -50.003  -16.863  35.815 0.0000000000
150339  -51.048  -16.280  36.022 0.0000000000
150340  -50.656  -16.593  36.316 0.0000000000
150341  -50.290  -16.912  36.603 0.0000000000
150342  -50.546  -16.975  37.339 0.0000000000
150343  -50.851  -16.999  38.075 0.0000000000
150344  -51.112  -17.021  38.822 0.0000000000
150352  -51.775  -16.732  39.210 0.0000000000
150353  -51.408  -17.034  39.517 0.0000000000
150354  -51.685  -17.072  40.224 0.0000000000
150552  -55.648  -10.893  28.394 0.0000000000
150553  -56.081  -10.638  28.191 0.0000000000
150554  -56.535  -10.372  27.995 0.0000000000
150555  -55.530  -10.829  26.953 0.0000000000
150556  -56.244  -10.469  27.352 0.0000000000
150557  -56.977  -10.121  27.789 0.0000000000
150558  -57.433  -9.865  27.554 0.0000000000
150559  -57.893  -9.610  27.309 0.0000000000
150560  -58.354  -9.360  27.037 0.0000000000
150561  -54.386  -11.502  24.654 0.0000000000
150562  -55.184  -11.231  25.013 0.0000000000
150563  -55.902  -10.888  25.356 0.0000000000
150564  -56.057  -11.013  24.562 0.0000000000
150565  -56.334  -10.750  25.140 0.0000000000
150566  -56.608  -10.475  25.719 0.0000000000
150567  -57.300  -10.030  26.078 0.0000000000
150568  -58.045  -9.578  26.394 0.0000000000
150569  -58.803  -9.138  26.771 0.0000000000
150570  -59.271  -8.915  26.505 0.0000000000
150571  -59.726  -8.727  26.228 0.0000000000
150572  -60.149  -8.574  25.904 0.0000000000
150573  -59.178  -9.343  25.001 0.0000000000
150574  -59.899  -8.837  25.266 0.0000000000
150575  -60.649  -8.477  25.584 0.0000000000
150576  -61.100  -8.428  25.239 0.0000000000
150596  -57.203  -11.014  22.350 0.0000000000
150597  -58.009  -10.768  22.701 0.0000000000
150598  -58.785  -10.367  23.001 0.0000000000
150599  -59.542  -9.860  23.237 0.0000000000
150600  -59.633  -10.121  22.307 0.0000000000
150601  -59.958  -9.711  22.895 0.0000000000
150602  -60.244  -9.286  23.457 0.0000000000
150603  -60.962  -8.829  23.696 0.0000000000
150615  -61.364  -9.638  19.910 0.0000000000
150616  -62.117  -9.333  20.127 0.0000000000
150618  -62.900  -9.459  19.362 0.0000000000
