#!ascii label  , from subject fsaverage_sym vox2ras=TkReg
1549
50  -10.652  -28.833  66.495 0.0000000000
165  -34.929  -23.420  50.409 0.0000000000
166  -33.092  -18.691  45.849 0.0000000000
167  -28.460  -23.107  56.007 0.0000000000
223  -39.825  -13.078  32.704 0.0000000000
370  -34.967  -15.531  37.669 0.0000000000
645  -36.547  -21.436  55.737 0.0000000000
648  -31.902  -23.410  53.507 0.0000000000
703  -45.366  -9.964  35.041 0.0000000000
705  -47.707  -7.492  31.797 0.0000000000
706  -49.717  -5.795  28.729 0.0000000000
853  -35.974  -13.696  46.682 0.0000000000
854  -32.894  -16.664  41.683 0.0000000000
855  -37.776  -12.607  42.823 0.0000000000
856  -40.658  -12.567  39.797 0.0000000000
867  -21.893  -24.302  56.349 0.0000000000
1069  -7.374  -29.297  70.851 0.0000000000
1449  -35.021  -20.960  48.733 0.0000000000
1450  -35.984  -15.639  50.618 0.0000000000
1451  -23.987  -24.706  52.477 0.0000000000
1453  -27.526  -24.990  49.857 0.0000000000
1557  -48.409  -8.611  23.489 0.0000000000
1558  -51.721  -4.495  25.429 0.0000000000
1821  -37.671  -14.886  35.103 0.0000000000
1822  -43.360  -12.085  37.580 0.0000000000
1840  -12.687  -28.460  62.040 0.0000000000
2111  -3.874  -34.354  68.598 0.0000000000
2624  -46.522  -8.629  33.482 0.0000000000
2774  -36.680  -13.009  44.667 0.0000000000
2788  -19.810  -26.153  55.076 0.0000000000
2989  -9.255  -29.175  68.954 0.0000000000
3371  -34.790  -23.500  47.163 0.0000000000
3372  -35.504  -22.241  49.568 0.0000000000
3377  -26.145  -23.550  54.175 0.0000000000
3378  -25.773  -24.716  51.087 0.0000000000
3379  -27.931  -23.582  52.910 0.0000000000
3380  -33.564  -23.580  52.051 0.0000000000
3381  -31.314  -24.253  50.531 0.0000000000
3382  -32.913  -24.456  49.230 0.0000000000
3389  -27.602  -22.985  57.908 0.0000000000
3390  -25.228  -23.395  56.097 0.0000000000
3546  -43.995  -9.799  27.936 0.0000000000
3552  -46.967  -8.823  24.829 0.0000000000
3554  -50.662  -5.085  27.115 0.0000000000
3996  -33.706  -15.949  39.538 0.0000000000
4002  -36.378  -15.226  36.272 0.0000000000
4004  -42.103  -12.520  38.657 0.0000000000
4040  -17.112  -26.040  58.866 0.0000000000
4042  -15.825  -26.079  60.938 0.0000000000
4043  -14.664  -26.294  63.082 0.0000000000
4044  -13.794  -28.340  59.908 0.0000000000
4646  -5.890  -34.500  67.803 0.0000000000
5767  -35.796  -22.511  53.131 0.0000000000
5768  -36.541  -21.091  52.118 0.0000000000
5769  -37.571  -19.934  54.585 0.0000000000
5771  -30.780  -22.665  57.762 0.0000000000
5772  -30.211  -23.202  54.781 0.0000000000
5773  -32.711  -22.695  56.474 0.0000000000
5774  -34.399  -22.778  54.908 0.0000000000
5871  -42.329  -11.239  34.114 0.0000000000
5873  -43.438  -9.860  32.537 0.0000000000
5874  -44.738  -8.692  30.802 0.0000000000
5875  -46.081  -7.790  29.015 0.0000000000
5876  -47.193  -7.126  27.404 0.0000000000
5877  -48.711  -6.604  30.295 0.0000000000
6141  -34.071  -15.990  46.252 0.0000000000
6142  -32.612  -17.624  43.866 0.0000000000
6143  -34.279  -14.988  44.150 0.0000000000
6144  -34.993  -14.190  42.083 0.0000000000
6145  -36.161  -13.749  40.174 0.0000000000
6146  -37.597  -13.628  38.710 0.0000000000
6147  -39.132  -12.446  41.155 0.0000000000
6169  -20.701  -24.319  58.238 0.0000000000
6170  -18.391  -26.099  56.912 0.0000000000
6465  -52.039  -5.816  21.097 0.0000000000
6531  -5.110  -28.797  70.753 0.0000000000
7216  -34.405  -22.482  46.217 0.0000000000
7217  -34.021  -19.819  47.475 0.0000000000
7218  -36.089  -19.659  51.055 0.0000000000
7219  -35.173  -18.311  49.795 0.0000000000
7220  -34.433  -17.064  48.202 0.0000000000
7221  -35.762  -14.579  48.684 0.0000000000
7228  -29.627  -23.944  51.779 0.0000000000
7241  -24.193  -23.290  57.976 0.0000000000
7242  -22.906  -24.495  54.381 0.0000000000
7470  -48.361  -6.590  25.792 0.0000000000
7471  -49.531  -6.201  24.137 0.0000000000
7472  -50.763  -5.962  22.541 0.0000000000
7473  -52.776  -4.100  23.758 0.0000000000
7517  -10.020  -30.960  63.493 0.0000000000
7518  -8.773  -31.434  65.645 0.0000000000
8093  -38.808  -14.158  33.935 0.0000000000
8094  -39.043  -13.637  37.529 0.0000000000
8095  -40.348  -13.342  36.447 0.0000000000
8096  -41.393  -12.429  35.353 0.0000000000
8097  -44.386  -11.136  36.347 0.0000000000
8146  -11.666  -28.649  64.266 0.0000000000
8897  -7.441  -31.751  68.041 0.0000000000
8898  -5.461  -31.764  69.548 0.0000000000
8899  -3.643  -31.280  68.761 0.0000000000
10669  -9.961  -29.004  67.725 0.0000000000
11050  -34.497  -23.816  49.181 0.0000000000
11051  -34.954  -23.388  48.794 0.0000000000
11052  -35.400  -22.868  50.017 0.0000000000
11057  -27.181  -23.273  55.043 0.0000000000
11058  -26.983  -23.556  53.502 0.0000000000
11059  -28.085  -23.337  54.385 0.0000000000
11060  -34.363  -23.573  51.351 0.0000000000
11061  -33.169  -24.007  50.526 0.0000000000
11062  -33.997  -23.983  49.969 0.0000000000
11063  -33.551  -24.491  48.514 0.0000000000
11067  -29.265  -22.791  57.937 0.0000000000
11068  -28.779  -22.778  58.826 0.0000000000
11069  -27.902  -23.051  56.904 0.0000000000
11070  -26.762  -23.247  55.989 0.0000000000
11232  -46.295  -8.969  25.536 0.0000000000
11673  -33.051  -20.208  45.540 0.0000000000
11675  -32.632  -19.702  44.712 0.0000000000
11676  -34.325  -15.687  38.543 0.0000000000
11678  -34.160  -16.924  37.441 0.0000000000
11682  -35.663  -15.362  36.958 0.0000000000
11720  -16.012  -27.125  58.321 0.0000000000
11721  -16.398  -26.060  59.895 0.0000000000
11722  -15.375  -27.146  59.355 0.0000000000
11723  -14.769  -27.190  60.384 0.0000000000
11724  -14.426  -28.333  58.948 0.0000000000
13450  -36.214  -21.977  54.526 0.0000000000
13451  -36.788  -21.364  53.815 0.0000000000
13452  -37.207  -20.714  55.213 0.0000000000
13457  -32.085  -22.317  58.676 0.0000000000
13458  -31.757  -22.689  57.154 0.0000000000
13459  -33.037  -22.350  57.932 0.0000000000
13460  -35.754  -21.771  56.582 0.0000000000
13461  -34.575  -22.399  56.105 0.0000000000
13462  -35.510  -22.269  55.350 0.0000000000
13463  -35.088  -22.741  54.000 0.0000000000
13623  -43.835  -10.608  34.604 0.0000000000
13624  -42.881  -10.532  33.334 0.0000000000
13625  -44.403  -9.928  33.865 0.0000000000
13626  -47.122  -8.043  32.642 0.0000000000
13627  -45.602  -8.643  32.194 0.0000000000
13628  -46.212  -8.109  31.374 0.0000000000
13629  -45.393  -8.204  29.887 0.0000000000
13630  -46.848  -7.593  30.468 0.0000000000
13631  -47.392  -7.173  29.696 0.0000000000
13632  -48.213  -7.021  31.074 0.0000000000
14073  -34.942  -14.769  46.441 0.0000000000
14074  -34.091  -15.447  45.190 0.0000000000
14075  -35.111  -14.306  45.438 0.0000000000
14076  -37.176  -12.778  43.753 0.0000000000
14077  -35.798  -13.535  43.399 0.0000000000
14078  -36.330  -13.327  42.416 0.0000000000
14079  -35.554  -13.924  41.092 0.0000000000
14080  -36.957  -13.145  41.461 0.0000000000
14081  -37.645  -12.994  40.679 0.0000000000
14082  -38.465  -12.480  41.912 0.0000000000
14117  -22.498  -23.703  58.059 0.0000000000
14118  -21.927  -23.668  59.013 0.0000000000
14119  -21.276  -24.353  57.277 0.0000000000
14121  -19.110  -26.132  55.979 0.0000000000
14613  -52.805  -4.687  21.594 0.0000000000
14615  -53.474  -4.616  20.779 0.0000000000
14724  -6.221  -29.090  71.115 0.0000000000
15868  -34.985  -22.264  47.884 0.0000000000
15869  -34.673  -22.955  46.688 0.0000000000
15870  -34.629  -21.705  47.450 0.0000000000
15871  -34.152  -21.160  46.947 0.0000000000
15872  -34.529  -20.402  48.083 0.0000000000
15873  -37.035  -19.759  52.876 0.0000000000
15874  -36.396  -20.348  51.584 0.0000000000
15875  -36.725  -19.007  52.378 0.0000000000
15876  -36.201  -16.251  51.548 0.0000000000
15877  -35.832  -17.623  50.995 0.0000000000
15878  -35.453  -16.983  50.247 0.0000000000
15879  -34.743  -17.667  49.029 0.0000000000
15880  -35.174  -16.349  49.394 0.0000000000
15881  -34.994  -15.783  48.421 0.0000000000
15882  -35.797  -15.072  49.622 0.0000000000
15890  -26.655  -24.819  50.424 0.0000000000
15895  -30.932  -23.289  54.020 0.0000000000
15896  -29.841  -23.508  53.251 0.0000000000
15897  -30.703  -23.659  52.622 0.0000000000
15899  -30.226  -24.699  49.628 0.0000000000
15926  -25.454  -22.940  58.872 0.0000000000
15927  -24.548  -23.859  54.262 0.0000000000
15928  -24.065  -23.822  55.216 0.0000000000
15929  -23.459  -24.600  53.426 0.0000000000
15930  -22.536  -25.560  52.820 0.0000000000
16413  -48.414  -6.402  28.115 0.0000000000
16414  -47.752  -6.843  26.631 0.0000000000
16415  -48.968  -6.077  27.279 0.0000000000
16416  -51.157  -4.767  26.240 0.0000000000
16417  -49.996  -5.518  25.583 0.0000000000
16418  -50.531  -5.278  24.770 0.0000000000
16419  -50.132  -6.060  23.331 0.0000000000
16420  -51.097  -5.076  23.924 0.0000000000
16421  -51.668  -4.932  23.141 0.0000000000
16422  -52.256  -4.269  24.573 0.0000000000
17741  -32.663  -17.136  42.771 0.0000000000
17742  -32.160  -18.674  42.649 0.0000000000
17761  -38.119  -15.498  33.407 0.0000000000
17762  -38.259  -14.561  34.546 0.0000000000
17763  -39.089  -13.041  39.289 0.0000000000
17764  -38.344  -13.676  38.094 0.0000000000
17765  -39.831  -13.126  38.644 0.0000000000
17766  -42.750  -12.389  38.130 0.0000000000
17767  -41.233  -12.987  37.573 0.0000000000
17768  -41.837  -12.728  37.032 0.0000000000
17769  -40.896  -12.969  35.929 0.0000000000
17770  -42.386  -12.348  36.489 0.0000000000
17771  -42.898  -11.832  35.868 0.0000000000
17772  -43.884  -11.687  36.995 0.0000000000
17885  -13.709  -27.312  62.535 0.0000000000
17887  -13.165  -27.433  63.664 0.0000000000
17888  -12.660  -27.548  64.779 0.0000000000
17889  -12.196  -28.514  63.132 0.0000000000
17890  -11.304  -29.675  62.734 0.0000000000
17891  -11.808  -29.611  61.692 0.0000000000
19690  -7.995  -32.933  65.467 0.0000000000
19691  -8.131  -31.635  66.874 0.0000000000
19692  -7.392  -33.026  66.651 0.0000000000
19693  -4.891  -34.460  68.556 0.0000000000
19694  -5.698  -33.142  68.707 0.0000000000
19695  -4.620  -33.050  69.034 0.0000000000
19696  -4.419  -31.578  69.506 0.0000000000
19697  -3.716  -32.862  68.727 0.0000000000
23052  -33.951  -21.963  58.403 0.0000000000
23151  -46.882  -9.204  35.513 0.0000000000
23152  -45.950  -9.297  34.298 0.0000000000
23153  -47.471  -8.550  34.741 0.0000000000
23422  -36.266  -13.312  45.623 0.0000000000
23447  -21.407  -25.190  54.698 0.0000000000
23448  -20.787  -25.131  55.609 0.0000000000
23810  -9.470  -28.131  70.525 0.0000000000
23811  -8.387  -29.323  70.090 0.0000000000
24498  -34.565  -24.027  47.483 0.0000000000
24499  -35.115  -22.833  48.374 0.0000000000
24500  -35.394  -21.577  49.151 0.0000000000
24506  -36.648  -14.394  50.879 0.0000000000
24509  -25.026  -24.010  53.243 0.0000000000
24510  -24.915  -24.612  51.739 0.0000000000
24511  -25.899  -23.974  52.553 0.0000000000
24512  -26.881  -23.999  52.009 0.0000000000
24513  -27.722  -24.161  51.377 0.0000000000
24514  -32.756  -23.496  52.834 0.0000000000
24515  -31.554  -23.772  52.027 0.0000000000
24516  -32.465  -23.862  51.433 0.0000000000
24517  -32.095  -24.387  49.843 0.0000000000
24520  -32.613  -25.089  47.822 0.0000000000
24531  -27.158  -22.848  58.820 0.0000000000
24532  -25.918  -23.031  57.923 0.0000000000
24533  -26.318  -23.147  56.949 0.0000000000
24534  -25.609  -23.482  55.083 0.0000000000
24812  -43.229  -10.220  28.779 0.0000000000
24824  -47.670  -8.670  24.157 0.0000000000
24825  -51.021  -5.154  29.328 0.0000000000
24826  -50.195  -5.430  27.911 0.0000000000
25622  -33.255  -16.253  40.576 0.0000000000
25633  -36.209  -16.415  35.247 0.0000000000
25634  -37.037  -15.105  35.646 0.0000000000
25635  -42.292  -12.026  40.403 0.0000000000
25636  -41.410  -12.571  39.170 0.0000000000
25637  -42.997  -11.972  39.827 0.0000000000
25702  -18.233  -25.088  59.453 0.0000000000
25704  -17.522  -25.139  60.464 0.0000000000
25706  -16.291  -25.247  62.534 0.0000000000
25708  -15.250  -26.202  61.983 0.0000000000
25709  -14.214  -27.225  61.433 0.0000000000
25710  -13.245  -28.355  60.963 0.0000000000
25711  -12.361  -29.587  60.643 0.0000000000
25712  -12.978  -29.552  59.645 0.0000000000
28813  -35.362  -22.991  51.786 0.0000000000
28814  -35.848  -22.397  51.269 0.0000000000
28815  -36.360  -21.904  52.559 0.0000000000
28816  -37.033  -20.531  53.371 0.0000000000
28823  -29.636  -22.993  56.909 0.0000000000
28824  -29.320  -23.175  55.406 0.0000000000
28825  -30.447  -23.018  56.174 0.0000000000
28826  -31.320  -23.029  55.551 0.0000000000
28827  -32.264  -22.995  54.915 0.0000000000
28828  -33.741  -22.336  56.996 0.0000000000
28829  -33.542  -22.731  55.722 0.0000000000
28830  -33.166  -23.194  54.162 0.0000000000
28831  -33.919  -23.257  53.358 0.0000000000
28832  -34.683  -23.184  52.614 0.0000000000
28842  -30.451  -22.661  58.819 0.0000000000
29055  -40.897  -12.047  33.467 0.0000000000
29056  -40.435  -12.449  31.975 0.0000000000
29057  -41.488  -11.321  32.683 0.0000000000
29058  -42.091  -10.676  31.920 0.0000000000
29059  -42.714  -10.075  31.065 0.0000000000
29060  -45.000  -9.263  33.047 0.0000000000
29061  -44.087  -9.240  31.690 0.0000000000
29062  -43.406  -9.514  30.206 0.0000000000
29063  -44.082  -9.046  29.313 0.0000000000
29064  -44.842  -8.636  28.409 0.0000000000
29065  -45.578  -8.287  27.532 0.0000000000
29066  -46.228  -8.003  26.763 0.0000000000
29067  -46.632  -7.441  28.230 0.0000000000
29068  -47.905  -6.782  28.905 0.0000000000
29069  -49.189  -6.187  29.524 0.0000000000
29070  -49.620  -6.464  31.681 0.0000000000
29072  -50.543  -5.589  30.093 0.0000000000
29685  -33.421  -17.293  46.066 0.0000000000
29686  -32.736  -18.182  44.861 0.0000000000
29687  -33.303  -16.760  45.048 0.0000000000
29688  -33.334  -16.287  43.984 0.0000000000
29689  -33.524  -15.775  42.872 0.0000000000
29690  -35.399  -13.894  44.389 0.0000000000
29691  -34.576  -14.560  43.076 0.0000000000
29692  -33.801  -15.343  41.880 0.0000000000
29693  -34.260  -14.968  40.790 0.0000000000
29694  -34.843  -14.696  39.777 0.0000000000
29695  -35.488  -14.499  38.950 0.0000000000
29696  -36.185  -14.393  38.167 0.0000000000
29697  -36.867  -13.640  39.380 0.0000000000
29698  -38.343  -12.994  39.954 0.0000000000
29699  -39.916  -12.492  40.448 0.0000000000
29701  -40.792  -11.959  41.714 0.0000000000
29702  -41.521  -12.031  41.012 0.0000000000
29751  -20.042  -24.312  59.199 0.0000000000
29752  -20.193  -25.102  56.582 0.0000000000
29753  -19.539  -25.097  57.525 0.0000000000
29754  -18.829  -25.102  58.472 0.0000000000
29755  -17.701  -26.066  57.872 0.0000000000
32200  -33.559  -20.696  46.244 0.0000000000
32201  -33.492  -19.256  46.680 0.0000000000
32202  -36.000  -21.683  50.779 0.0000000000
32203  -35.869  -20.960  50.389 0.0000000000
32204  -35.525  -20.296  49.900 0.0000000000
32206  -35.704  -18.972  50.525 0.0000000000
32207  -35.076  -19.652  49.276 0.0000000000
32208  -34.570  -19.063  48.593 0.0000000000
32209  -34.117  -18.426  47.858 0.0000000000
32210  -33.718  -17.855  46.986 0.0000000000
32211  -34.193  -16.498  47.230 0.0000000000
32212  -34.905  -15.260  47.489 0.0000000000
32213  -35.814  -14.104  47.619 0.0000000000
32214  -36.615  -13.902  49.817 0.0000000000
32215  -36.675  -13.492  48.934 0.0000000000
32230  -28.953  -23.445  53.786 0.0000000000
32231  -28.719  -23.806  52.234 0.0000000000
32232  -28.549  -24.280  50.799 0.0000000000
32233  -30.404  -24.087  51.061 0.0000000000
32234  -29.367  -24.517  50.101 0.0000000000
32268  -23.680  -23.262  58.916 0.0000000000
32269  -22.994  -23.728  57.119 0.0000000000
32270  -24.691  -23.345  57.019 0.0000000000
32271  -23.529  -23.757  56.158 0.0000000000
32272  -22.372  -24.404  55.333 0.0000000000
32273  -22.008  -25.356  53.757 0.0000000000
32886  -46.825  -7.806  25.928 0.0000000000
32887  -47.457  -7.618  25.155 0.0000000000
32888  -48.120  -7.473  24.408 0.0000000000
32889  -49.488  -5.769  26.447 0.0000000000
32890  -48.931  -6.398  24.963 0.0000000000
32891  -48.782  -7.324  23.664 0.0000000000
32892  -49.444  -7.244  22.902 0.0000000000
32893  -50.147  -7.170  22.202 0.0000000000
32894  -50.856  -7.145  21.517 0.0000000000
32895  -51.388  -5.885  21.818 0.0000000000
32896  -52.233  -4.784  22.375 0.0000000000
33017  -10.305  -29.829  64.903 0.0000000000
33018  -9.644  -30.094  66.001 0.0000000000
33019  -9.375  -31.224  64.572 0.0000000000
34563  -32.296  -19.198  43.796 0.0000000000
34589  -39.309  -13.657  33.320 0.0000000000
34590  -36.895  -14.336  37.457 0.0000000000
34591  -37.606  -14.284  36.871 0.0000000000
34592  -38.275  -14.180  36.343 0.0000000000
34593  -40.559  -13.128  38.076 0.0000000000
34594  -39.739  -13.549  36.998 0.0000000000
34595  -38.900  -13.956  35.796 0.0000000000
34596  -39.480  -13.599  35.244 0.0000000000
34597  -39.963  -13.151  34.651 0.0000000000
34598  -40.444  -12.631  34.093 0.0000000000
34599  -41.847  -11.861  34.736 0.0000000000
34600  -43.368  -11.230  35.194 0.0000000000
34601  -44.892  -10.542  35.716 0.0000000000
34717  -11.614  -27.739  67.066 0.0000000000
34743  -12.134  -27.648  65.914 0.0000000000
34744  -11.160  -28.720  65.362 0.0000000000
34745  -10.770  -29.779  63.815 0.0000000000
34746  -10.502  -30.943  62.453 0.0000000000
36935  -8.991  -30.292  67.219 0.0000000000
36936  -8.293  -30.448  68.420 0.0000000000
36937  -7.438  -30.550  69.503 0.0000000000
36938  -6.677  -33.118  67.826 0.0000000000
36939  -6.545  -31.836  69.032 0.0000000000
36940  -6.379  -30.537  70.188 0.0000000000
36941  -5.224  -30.327  70.271 0.0000000000
36942  -4.243  -30.026  69.815 0.0000000000
36949  -3.166  -34.233  67.971 0.0000000000
36950  -3.139  -32.615  67.747 0.0000000000
41387  -10.846  -28.329  67.329 0.0000000000
41389  -10.303  -28.936  67.095 0.0000000000
41770  -34.719  -23.595  49.823 0.0000000000
41771  -35.000  -23.369  49.691 0.0000000000
41772  -35.209  -23.150  50.262 0.0000000000
41777  -27.774  -23.181  55.503 0.0000000000
41778  -27.741  -23.259  54.803 0.0000000000
41779  -28.232  -23.175  55.217 0.0000000000
41780  -34.648  -23.528  50.875 0.0000000000
41781  -34.160  -23.804  50.619 0.0000000000
41782  -34.425  -23.742  50.199 0.0000000000
41783  -34.226  -23.931  49.564 0.0000000000
41787  -28.828  -22.951  56.938 0.0000000000
41788  -28.581  -22.921  57.426 0.0000000000
41789  -28.220  -23.033  56.469 0.0000000000
41790  -27.608  -23.131  56.004 0.0000000000
41952  -45.944  -9.065  25.901 0.0000000000
42393  -33.032  -19.453  45.706 0.0000000000
42394  -32.790  -19.965  45.105 0.0000000000
42395  -32.796  -19.187  45.308 0.0000000000
42396  -34.643  -15.602  38.087 0.0000000000
42397  -34.186  -16.292  37.935 0.0000000000
42398  -34.520  -16.210  37.495 0.0000000000
42400  -34.867  -16.110  37.103 0.0000000000
42401  -35.184  -16.018  36.747 0.0000000000
42402  -35.326  -15.433  37.308 0.0000000000
42440  -15.543  -27.689  58.128 0.0000000000
42441  -15.665  -27.123  58.844 0.0000000000
42442  -15.187  -27.721  58.640 0.0000000000
42443  -14.894  -27.717  59.134 0.0000000000
44170  -36.377  -21.719  55.121 0.0000000000
44171  -36.700  -21.440  54.716 0.0000000000
44172  -36.957  -21.066  55.577 0.0000000000
44177  -32.716  -22.146  59.068 0.0000000000
44178  -32.562  -22.306  58.345 0.0000000000
44179  -33.104  -22.147  58.639 0.0000000000
44180  -36.241  -21.552  56.277 0.0000000000
44181  -35.642  -22.050  55.924 0.0000000000
44182  -36.093  -21.850  55.653 0.0000000000
44183  -35.868  -22.155  54.939 0.0000000000
44190  -32.454  -22.152  59.620 0.0000000000
44343  -44.602  -10.305  34.837 0.0000000000
44344  -44.108  -10.262  34.246 0.0000000000
44345  -44.902  -9.971  34.458 0.0000000000
44346  -47.422  -7.774  32.222 0.0000000000
44347  -46.660  -8.094  32.020 0.0000000000
44348  -46.967  -7.823  31.579 0.0000000000
44349  -46.520  -7.851  30.921 0.0000000000
44350  -47.268  -7.551  31.141 0.0000000000
44351  -47.536  -7.312  30.784 0.0000000000
44352  -47.957  -7.255  31.445 0.0000000000
44793  -35.432  -14.219  46.558 0.0000000000
44794  -35.005  -14.536  45.943 0.0000000000
44795  -35.547  -14.022  46.020 0.0000000000
44796  -37.460  -12.688  43.287 0.0000000000
44797  -36.745  -13.010  43.057 0.0000000000
44798  -37.052  -12.945  42.565 0.0000000000
44799  -36.617  -13.234  41.929 0.0000000000
44800  -37.364  -12.870  42.134 0.0000000000
44801  -37.702  -12.794  41.694 0.0000000000
44802  -38.128  -12.542  42.320 0.0000000000
44837  -22.180  -23.975  57.191 0.0000000000
44838  -21.880  -23.991  57.681 0.0000000000
44839  -21.571  -24.308  56.817 0.0000000000
45333  -53.329  -4.202  21.861 0.0000000000
45334  -53.140  -4.630  21.175 0.0000000000
45335  -53.645  -4.140  21.444 0.0000000000
45440  -7.905  -28.719  71.124 0.0000000000
45442  -7.356  -28.642  71.351 0.0000000000
45443  -6.770  -28.520  71.444 0.0000000000
45444  -6.835  -29.200  71.049 0.0000000000
46588  -34.974  -21.628  48.263 0.0000000000
46589  -34.824  -21.949  47.702 0.0000000000
46590  -34.779  -21.315  48.030 0.0000000000
46591  -34.541  -21.073  47.714 0.0000000000
46592  -34.781  -20.662  48.377 0.0000000000
46594  -36.868  -19.370  52.585 0.0000000000
46595  -37.009  -18.699  52.978 0.0000000000
46596  -36.090  -15.912  51.082 0.0000000000
46597  -35.866  -16.603  50.885 0.0000000000
46598  -35.674  -16.294  50.430 0.0000000000
46599  -35.280  -16.636  49.769 0.0000000000
46600  -35.540  -15.978  49.883 0.0000000000
46601  -35.449  -15.699  49.429 0.0000000000
46602  -35.881  -15.348  50.124 0.0000000000
46607  -23.517  -25.201  52.152 0.0000000000
46609  -23.974  -25.093  51.784 0.0000000000
46615  -31.560  -23.321  53.942 0.0000000000
46616  -30.866  -23.482  53.345 0.0000000000
46617  -31.276  -23.559  53.033 0.0000000000
46647  -24.218  -24.269  53.324 0.0000000000
46648  -23.945  -24.231  53.802 0.0000000000
46649  -23.744  -24.630  52.970 0.0000000000
46650  -23.330  -25.035  52.669 0.0000000000
47132  -48.771  -8.588  23.148 0.0000000000
47133  -49.059  -6.107  28.419 0.0000000000
47134  -48.698  -6.238  27.686 0.0000000000
47135  -49.308  -5.929  28.010 0.0000000000
47136  -51.445  -4.619  25.821 0.0000000000
47137  -50.821  -5.008  25.496 0.0000000000
47138  -51.107  -4.875  25.056 0.0000000000
47139  -50.812  -5.173  24.348 0.0000000000
47140  -51.395  -4.751  24.671 0.0000000000
47141  -51.664  -4.651  24.273 0.0000000000
47142  -52.000  -4.363  24.997 0.0000000000
48461  -32.769  -16.891  42.280 0.0000000000
48462  -32.437  -17.625  42.193 0.0000000000
48463  -32.544  -17.410  41.647 0.0000000000
48478  -37.232  -15.491  34.830 0.0000000000
48479  -37.192  -16.057  34.320 0.0000000000
48480  -37.513  -15.366  34.527 0.0000000000
48481  -37.814  -15.202  34.232 0.0000000000
48482  -37.961  -14.753  34.834 0.0000000000
48483  -39.874  -12.817  39.543 0.0000000000
48484  -39.441  -13.099  38.967 0.0000000000
48485  -40.250  -12.858  39.226 0.0000000000
48486  -43.067  -12.246  37.863 0.0000000000
48487  -42.291  -12.579  37.566 0.0000000000
48488  -42.592  -12.426  37.314 0.0000000000
48489  -42.112  -12.552  36.767 0.0000000000
48490  -42.860  -12.242  37.046 0.0000000000
48491  -43.132  -12.024  36.736 0.0000000000
48492  -43.627  -11.890  37.292 0.0000000000
48605  -13.190  -27.883  62.273 0.0000000000
48606  -13.426  -27.376  63.103 0.0000000000
48607  -12.930  -27.931  62.835 0.0000000000
48608  -12.670  -27.967  63.399 0.0000000000
48609  -12.430  -28.497  62.584 0.0000000000
48610  -11.969  -29.065  62.390 0.0000000000
48611  -12.236  -29.018  61.859 0.0000000000
50411  -7.687  -33.022  66.052 0.0000000000
50413  -4.376  -34.413  68.670 0.0000000000
50414  -4.706  -33.774  68.803 0.0000000000
50415  -4.222  -33.704  68.814 0.0000000000
50416  -4.134  -32.972  68.964 0.0000000000
50417  -3.802  -33.627  68.692 0.0000000000
54394  -37.347  -12.615  46.378 0.0000000000
54438  -20.931  -25.700  54.396 0.0000000000
55040  -9.760  -28.621  69.175 0.0000000000
55041  -9.904  -28.090  69.992 0.0000000000
55042  -9.350  -28.685  69.778 0.0000000000
55043  -8.919  -28.718  70.314 0.0000000000
55044  -8.850  -29.263  69.533 0.0000000000
56187  -34.371  -24.230  47.633 0.0000000000
56188  -35.247  -22.878  49.091 0.0000000000
56189  -35.040  -23.173  48.483 0.0000000000
56190  -35.320  -22.508  49.025 0.0000000000
56191  -35.249  -22.221  48.707 0.0000000000
56192  -35.431  -21.919  49.270 0.0000000000
56207  -25.543  -23.751  53.655 0.0000000000
56208  -25.431  -23.937  52.898 0.0000000000
56209  -25.977  -23.743  53.341 0.0000000000
56210  -27.326  -23.595  53.059 0.0000000000
56211  -26.865  -23.785  52.613 0.0000000000
56212  -27.469  -23.746  52.522 0.0000000000
56213  -27.202  -24.091  51.564 0.0000000000
56214  -27.677  -23.895  52.002 0.0000000000
56215  -33.197  -23.522  52.538 0.0000000000
56216  -32.571  -23.652  52.109 0.0000000000
56217  -33.064  -23.744  51.830 0.0000000000
56218  -33.065  -24.210  49.910 0.0000000000
56219  -32.672  -24.170  50.231 0.0000000000
56220  -32.446  -24.431  49.411 0.0000000000
56221  -31.975  -24.635  49.158 0.0000000000
56222  -32.296  -24.763  48.634 0.0000000000
56224  -32.713  -24.686  48.516 0.0000000000
56226  -33.398  -24.768  47.803 0.0000000000
56240  -28.160  -22.872  58.343 0.0000000000
56241  -28.607  -22.756  59.279 0.0000000000
56242  -27.967  -22.858  58.805 0.0000000000
56243  -27.824  -22.743  59.317 0.0000000000
56244  -27.394  -22.932  58.360 0.0000000000
56245  -26.819  -23.048  57.917 0.0000000000
56246  -27.011  -23.042  57.452 0.0000000000
56247  -26.385  -23.377  55.050 0.0000000000
56248  -26.120  -23.347  55.482 0.0000000000
56249  -25.821  -23.505  54.604 0.0000000000
56250  -25.277  -23.658  54.154 0.0000000000
56711  -43.615  -9.996  28.357 0.0000000000
58061  -33.464  -16.094  40.053 0.0000000000
58062  -33.056  -16.808  39.980 0.0000000000
58063  -33.284  -16.661  39.426 0.0000000000
58078  -35.866  -15.881  36.055 0.0000000000
58080  -36.225  -15.823  35.715 0.0000000000
58081  -36.593  -15.723  35.402 0.0000000000
58082  -36.718  -15.168  35.964 0.0000000000
58083  -43.076  -11.726  40.730 0.0000000000
58084  -42.652  -12.006  40.116 0.0000000000
58089  -43.975  -11.712  38.977 0.0000000000
58195  -17.653  -25.561  59.161 0.0000000000
58196  -17.922  -25.090  59.986 0.0000000000
58197  -17.333  -25.541  59.658 0.0000000000
58198  -16.119  -26.046  60.381 0.0000000000
58199  -16.650  -25.574  60.679 0.0000000000
58200  -16.402  -25.589  61.203 0.0000000000
58203  -15.788  -25.711  62.251 0.0000000000
58204  -15.547  -26.145  61.448 0.0000000000
58205  -14.278  -27.751  60.132 0.0000000000
58206  -14.478  -27.204  60.915 0.0000000000
58207  -13.995  -27.755  60.657 0.0000000000
58208  -13.713  -27.785  61.194 0.0000000000
58209  -13.504  -28.354  60.432 0.0000000000
58210  -13.079  -28.916  60.267 0.0000000000
58211  -13.364  -28.937  59.759 0.0000000000
63385  -35.552  -22.769  52.392 0.0000000000
63386  -35.915  -22.462  52.234 0.0000000000
63387  -36.110  -22.225  52.860 0.0000000000
63388  -37.282  -20.629  54.309 0.0000000000
63389  -36.962  -20.972  53.530 0.0000000000
63390  -37.318  -20.205  54.047 0.0000000000
63407  -30.171  -22.860  57.316 0.0000000000
63408  -30.070  -22.951  56.609 0.0000000000
63409  -30.801  -22.805  57.137 0.0000000000
63410  -32.169  -22.684  56.791 0.0000000000
63411  -31.496  -22.828  56.301 0.0000000000
63412  -31.987  -22.820  55.990 0.0000000000
63413  -31.754  -23.032  55.218 0.0000000000
63414  -32.251  -22.916  55.519 0.0000000000
63415  -34.541  -21.872  58.125 0.0000000000
63416  -33.988  -21.998  57.839 0.0000000000
63418  -34.441  -22.553  55.489 0.0000000000
63419  -34.037  -22.538  55.895 0.0000000000
63420  -33.892  -22.780  55.274 0.0000000000
63421  -33.222  -22.922  54.904 0.0000000000
63422  -33.709  -22.964  54.507 0.0000000000
63423  -33.603  -23.167  53.898 0.0000000000
63424  -34.120  -23.004  54.158 0.0000000000
63425  -35.453  -22.716  53.527 0.0000000000
63426  -34.915  -22.945  53.410 0.0000000000
63427  -35.252  -22.938  52.899 0.0000000000
63428  -35.047  -23.152  52.224 0.0000000000
63447  -31.367  -22.413  58.815 0.0000000000
63449  -30.681  -22.602  58.338 0.0000000000
63450  -30.005  -22.745  57.863 0.0000000000
63903  -41.583  -11.599  33.799 0.0000000000
63904  -41.173  -11.679  33.079 0.0000000000
63905  -41.860  -11.239  33.418 0.0000000000
63906  -43.165  -10.184  32.930 0.0000000000
63907  -42.421  -10.563  32.656 0.0000000000
63908  -42.737  -10.210  32.238 0.0000000000
63909  -42.404  -10.371  31.521 0.0000000000
63910  -43.049  -9.910  31.818 0.0000000000
63911  -46.235  -8.954  33.876 0.0000000000
63912  -45.481  -9.302  33.694 0.0000000000
63913  -45.786  -8.955  33.304 0.0000000000
63914  -45.161  -8.641  31.500 0.0000000000
63915  -44.867  -8.922  31.942 0.0000000000
63916  -44.415  -8.948  31.254 0.0000000000
63917  -43.704  -9.331  30.949 0.0000000000
63918  -44.056  -9.032  30.537 0.0000000000
63919  -43.738  -9.272  29.764 0.0000000000
63920  -44.356  -8.828  30.060 0.0000000000
63921  -45.731  -8.005  29.442 0.0000000000
63922  -45.075  -8.366  29.153 0.0000000000
63923  -45.428  -8.160  28.701 0.0000000000
63924  -45.206  -8.460  27.967 0.0000000000
63925  -45.780  -7.982  28.238 0.0000000000
63926  -46.093  -7.814  27.866 0.0000000000
63927  -46.355  -7.617  28.621 0.0000000000
63928  -48.033  -6.899  30.014 0.0000000000
63929  -47.644  -6.975  29.333 0.0000000000
63930  -48.302  -6.689  29.601 0.0000000000
63931  -48.541  -6.485  29.211 0.0000000000
63932  -48.960  -6.394  29.904 0.0000000000
63939  -50.324  -5.800  30.486 0.0000000000
65253  -33.721  -16.626  46.171 0.0000000000
65254  -33.342  -17.042  45.597 0.0000000000
65255  -33.688  -16.376  45.678 0.0000000000
65256  -34.162  -15.216  44.723 0.0000000000
65257  -33.722  -15.850  44.586 0.0000000000
65258  -33.785  -15.618  44.044 0.0000000000
65259  -33.411  -16.026  43.401 0.0000000000
65260  -33.870  -15.399  43.517 0.0000000000
65261  -36.461  -13.153  45.142 0.0000000000
65262  -35.838  -13.595  45.003 0.0000000000
65263  -36.010  -13.417  44.472 0.0000000000
65264  -35.394  -13.849  42.729 0.0000000000
65265  -35.161  -14.014  43.262 0.0000000000
65266  -34.768  -14.330  42.559 0.0000000000
65267  -34.191  -14.909  42.474 0.0000000000
65268  -34.378  -14.721  41.904 0.0000000000
65269  -34.023  -15.151  41.307 0.0000000000
65270  -34.615  -14.547  41.431 0.0000000000
65271  -35.840  -13.828  40.622 0.0000000000
65272  -35.171  -14.303  40.417 0.0000000000
65273  -35.492  -14.193  39.971 0.0000000000
65274  -35.141  -14.575  39.381 0.0000000000
65275  -35.815  -14.109  39.565 0.0000000000
65276  -36.154  -14.031  39.178 0.0000000000
65277  -36.521  -13.689  39.765 0.0000000000
65278  -38.387  -12.701  40.898 0.0000000000
65279  -37.980  -12.974  40.325 0.0000000000
65280  -38.741  -12.704  40.520 0.0000000000
65281  -39.114  -12.731  40.167 0.0000000000
65282  -39.541  -12.460  40.772 0.0000000000
65287  -41.195  -11.725  42.380 0.0000000000
65288  -41.579  -11.729  42.003 0.0000000000
65289  -41.173  -11.984  41.362 0.0000000000
65291  -42.319  -11.750  41.350 0.0000000000
65390  -21.236  -24.018  58.591 0.0000000000
65392  -20.951  -23.999  59.100 0.0000000000
65393  -20.670  -23.997  59.571 0.0000000000
65394  -20.355  -24.304  58.692 0.0000000000
65395  -20.284  -25.628  55.313 0.0000000000
65396  -20.444  -25.157  56.102 0.0000000000
65397  -19.921  -25.619  55.768 0.0000000000
65398  -18.754  -26.104  56.446 0.0000000000
65399  -19.376  -25.506  56.729 0.0000000000
65400  -18.986  -25.531  57.233 0.0000000000
65401  -19.227  -25.075  58.007 0.0000000000
65402  -18.636  -25.543  57.666 0.0000000000
65403  -18.254  -25.566  58.184 0.0000000000
65404  -18.066  -26.048  57.388 0.0000000000
67209  -4.677  -28.616  70.404 0.0000000000
70642  -34.615  -23.433  45.998 0.0000000000
70647  -34.150  -22.300  45.854 0.0000000000
70648  -34.032  -20.504  47.166 0.0000000000
70649  -33.844  -20.943  46.607 0.0000000000
70650  -33.722  -20.256  46.865 0.0000000000
70651  -33.527  -19.981  46.549 0.0000000000
70652  -33.729  -19.552  47.064 0.0000000000
70653  -36.228  -21.795  51.655 0.0000000000
70654  -35.982  -22.053  51.032 0.0000000000
70655  -36.257  -21.398  51.460 0.0000000000
70656  -36.285  -20.006  51.394 0.0000000000
70657  -36.149  -20.684  51.005 0.0000000000
70658  -35.981  -20.320  50.683 0.0000000000
70659  -35.692  -20.617  50.069 0.0000000000
70660  -35.797  -19.986  50.464 0.0000000000
70664  -35.506  -17.966  50.439 0.0000000000
70665  -35.707  -18.291  50.724 0.0000000000
70666  -35.447  -18.625  50.162 0.0000000000
70667  -35.356  -19.313  49.837 0.0000000000
70668  -35.109  -18.978  49.537 0.0000000000
70669  -34.797  -19.332  48.942 0.0000000000
70670  -34.907  -18.662  49.226 0.0000000000
70671  -34.583  -17.372  48.626 0.0000000000
70672  -34.432  -18.067  48.426 0.0000000000
70673  -34.249  -17.712  48.065 0.0000000000
70674  -33.875  -18.167  47.396 0.0000000000
70675  -34.066  -17.471  47.596 0.0000000000
70676  -33.912  -17.160  47.140 0.0000000000
70677  -34.270  -16.794  47.687 0.0000000000
70678  -35.343  -15.174  48.561 0.0000000000
70679  -34.914  -15.518  47.886 0.0000000000
70680  -35.360  -14.929  48.103 0.0000000000
70681  -35.328  -14.668  47.547 0.0000000000
70682  -35.773  -14.339  48.191 0.0000000000
70683  -37.068  -13.831  50.981 0.0000000000
70684  -36.620  -14.145  50.417 0.0000000000
70685  -37.050  -13.611  50.557 0.0000000000
70689  -36.765  -13.279  48.323 0.0000000000
70705  -25.301  -24.680  51.340 0.0000000000
70706  -24.814  -25.113  51.045 0.0000000000
70707  -25.374  -25.038  50.771 0.0000000000
70720  -29.726  -23.172  55.031 0.0000000000
70721  -29.001  -23.324  54.430 0.0000000000
70722  -29.625  -23.325  54.347 0.0000000000
70723  -29.697  -23.658  52.451 0.0000000000
70724  -29.340  -23.648  52.817 0.0000000000
70725  -29.188  -23.821  52.012 0.0000000000
70726  -28.662  -23.991  51.556 0.0000000000
70727  -29.023  -24.094  51.194 0.0000000000
70728  -31.404  -24.002  51.226 0.0000000000
70729  -31.012  -23.904  51.591 0.0000000000
70730  -30.871  -24.127  50.892 0.0000000000
70814  -23.898  -23.283  58.433 0.0000000000
70815  -23.376  -23.422  58.034 0.0000000000
70816  -23.571  -23.511  57.531 0.0000000000
70817  -25.601  -23.164  57.036 0.0000000000
70818  -25.294  -23.169  57.472 0.0000000000
70819  -24.950  -23.307  56.565 0.0000000000
70820  -23.480  -24.134  54.781 0.0000000000
70821  -23.788  -23.795  55.679 0.0000000000
70822  -23.214  -24.067  55.308 0.0000000000
70823  -22.931  -24.040  55.728 0.0000000000
70824  -22.686  -24.422  54.906 0.0000000000
70825  -22.156  -24.829  54.511 0.0000000000
70826  -22.484  -24.875  54.063 0.0000000000
72273  -46.685  -7.536  27.051 0.0000000000
72274  -46.523  -7.897  26.339 0.0000000000
72275  -46.947  -7.423  26.645 0.0000000000
72276  -48.070  -6.700  26.213 0.0000000000
72277  -47.561  -7.170  25.880 0.0000000000
72278  -47.859  -7.073  25.475 0.0000000000
72279  -47.782  -7.544  24.787 0.0000000000
72280  -48.161  -7.012  25.051 0.0000000000
72281  -50.428  -5.255  27.519 0.0000000000
72282  -49.831  -5.583  27.185 0.0000000000
72283  -50.058  -5.429  26.745 0.0000000000
72284  -49.725  -5.827  24.835 0.0000000000
72285  -49.444  -5.945  25.271 0.0000000000
72286  -49.232  -6.299  24.554 0.0000000000
72287  -48.802  -6.823  24.264 0.0000000000
72288  -49.131  -6.737  23.881 0.0000000000
72289  -49.110  -7.281  23.282 0.0000000000
72290  -49.429  -6.670  23.483 0.0000000000
72291  -50.443  -6.004  22.941 0.0000000000
72292  -50.070  -6.583  22.721 0.0000000000
72293  -50.414  -6.546  22.340 0.0000000000
72294  -50.502  -7.156  21.857 0.0000000000
72295  -50.755  -6.523  21.975 0.0000000000
72296  -51.087  -6.498  21.625 0.0000000000
72297  -51.078  -5.914  22.181 0.0000000000
72298  -52.188  -4.499  23.456 0.0000000000
72299  -51.948  -4.864  22.753 0.0000000000
72300  -52.471  -4.413  23.056 0.0000000000
72301  -52.749  -4.334  22.669 0.0000000000
72302  -53.038  -3.999  23.364 0.0000000000
72587  -10.128  -30.398  64.180 0.0000000000
72588  -9.823  -30.505  64.727 0.0000000000
72589  -9.699  -31.093  64.038 0.0000000000
76256  -32.648  -17.918  44.362 0.0000000000
76257  -32.505  -18.661  44.343 0.0000000000
76258  -32.375  -18.392  43.753 0.0000000000
76318  -38.416  -14.795  33.618 0.0000000000
76320  -38.685  -14.563  33.341 0.0000000000
76321  -38.933  -14.326  33.032 0.0000000000
76322  -39.064  -13.938  33.620 0.0000000000
76323  -36.902  -13.975  38.419 0.0000000000
76324  -36.528  -14.383  37.800 0.0000000000
76325  -37.257  -13.965  38.078 0.0000000000
76326  -38.694  -13.659  37.805 0.0000000000
76327  -37.961  -13.958  37.491 0.0000000000
76328  -38.309  -13.933  37.228 0.0000000000
76329  -37.955  -14.235  36.604 0.0000000000
76330  -38.655  -13.886  36.954 0.0000000000
76331  -41.767  -12.564  38.906 0.0000000000
76332  -40.969  -12.855  38.660 0.0000000000
76333  -41.311  -12.836  38.380 0.0000000000
76334  -40.803  -13.139  37.026 0.0000000000
76335  -40.468  -13.264  37.280 0.0000000000
76336  -40.039  -13.468  36.727 0.0000000000
76337  -39.300  -13.742  36.408 0.0000000000
76338  -39.601  -13.623  36.136 0.0000000000
76339  -39.198  -13.798  35.512 0.0000000000
76340  -39.892  -13.446  35.845 0.0000000000
76341  -41.139  -12.723  35.643 0.0000000000
76342  -40.427  -13.023  35.312 0.0000000000
76343  -40.662  -12.790  35.023 0.0000000000
76344  -40.196  -12.910  34.364 0.0000000000
76345  -40.897  -12.525  34.733 0.0000000000
76346  -41.112  -12.229  34.421 0.0000000000
76347  -41.619  -12.149  35.044 0.0000000000
76348  -43.621  -11.518  36.085 0.0000000000
76349  -43.136  -11.539  35.537 0.0000000000
76350  -43.887  -11.211  35.772 0.0000000000
76351  -44.139  -10.890  35.456 0.0000000000
76352  -44.642  -10.831  36.032 0.0000000000
76700  -12.172  -28.087  64.512 0.0000000000
76701  -12.389  -27.598  65.367 0.0000000000
76702  -11.901  -28.137  65.073 0.0000000000
76703  -11.649  -28.186  65.651 0.0000000000
76704  -11.426  -28.668  64.800 0.0000000000
76705  -10.960  -29.233  64.581 0.0000000000
76706  -11.184  -29.212  64.033 0.0000000000
76707  -11.146  -30.264  62.053 0.0000000000
76708  -10.889  -30.288  62.577 0.0000000000
76709  -10.782  -30.898  61.943 0.0000000000
82105  -9.160  -30.775  65.826 0.0000000000
82106  -9.345  -30.167  66.623 0.0000000000
82107  -8.878  -30.848  66.430 0.0000000000
82108  -7.812  -31.687  67.448 0.0000000000
82109  -8.228  -31.019  67.616 0.0000000000
82110  -7.857  -31.080  68.214 0.0000000000
82111  -7.892  -30.491  68.994 0.0000000000
82112  -7.443  -31.137  68.755 0.0000000000
82113  -6.315  -34.514  67.280 0.0000000000
82114  -6.690  -33.783  67.225 0.0000000000
82115  -6.277  -33.814  67.776 0.0000000000
82116  -5.586  -32.466  69.140 0.0000000000
82117  -6.116  -32.488  68.848 0.0000000000
82118  -6.029  -31.810  69.359 0.0000000000
82119  -6.476  -31.184  69.605 0.0000000000
82120  -5.886  -31.159  69.841 0.0000000000
82121  -5.793  -30.434  70.291 0.0000000000
82122  -5.325  -31.077  69.929 0.0000000000
82123  -3.985  -31.448  69.217 0.0000000000
82124  -4.300  -30.834  69.696 0.0000000000
82125  -3.915  -30.659  69.274 0.0000000000
82126  -3.914  -29.848  69.303 0.0000000000
82143  -2.958  -34.176  67.423 0.0000000000
82144  -3.125  -33.443  67.847 0.0000000000
92931  -9.625  -29.084  68.340 0.0000000000
93617  -34.534  -23.916  48.300 0.0000000000
93618  -34.749  -23.631  49.012 0.0000000000
93619  -35.174  -23.108  49.430 0.0000000000
93620  -35.519  -22.544  49.870 0.0000000000
93629  -26.634  -23.399  54.601 0.0000000000
93630  -26.583  -23.566  53.827 0.0000000000
93631  -27.159  -23.415  54.275 0.0000000000
93632  -27.502  -23.443  53.914 0.0000000000
93633  -27.868  -23.481  53.577 0.0000000000
93634  -33.944  -23.649  51.573 0.0000000000
93635  -33.383  -23.766  51.371 0.0000000000
93636  -33.780  -23.812  50.946 0.0000000000
93637  -33.574  -24.019  50.248 0.0000000000
93638  -33.370  -24.247  49.536 0.0000000000
93639  -33.192  -24.523  48.772 0.0000000000
93640  -33.758  -24.240  49.203 0.0000000000
93641  -33.995  -24.187  48.739 0.0000000000
93647  -29.636  -22.739  58.849 0.0000000000
93649  -28.965  -22.838  58.335 0.0000000000
93650  -28.356  -22.911  57.873 0.0000000000
93651  -27.707  -23.006  57.391 0.0000000000
93652  -27.167  -23.131  56.949 0.0000000000
93653  -27.366  -23.148  56.463 0.0000000000
93654  -26.950  -23.269  55.481 0.0000000000
93932  -44.396  -9.610  27.539 0.0000000000
93944  -46.627  -8.906  25.172 0.0000000000
94737  -33.196  -20.931  45.300 0.0000000000
94742  -33.988  -15.803  39.024 0.0000000000
94743  -33.574  -16.506  38.917 0.0000000000
94744  -33.874  -16.405  38.414 0.0000000000
94745  -33.807  -17.021  37.895 0.0000000000
94753  -35.519  -15.956  36.405 0.0000000000
94754  -36.013  -15.298  36.617 0.0000000000
94822  -16.525  -26.581  58.573 0.0000000000
94823  -16.764  -26.038  59.359 0.0000000000
94824  -16.216  -26.549  59.090 0.0000000000
94825  -15.884  -26.580  59.592 0.0000000000
94826  -15.574  -26.600  60.119 0.0000000000
94827  -15.275  -26.633  60.661 0.0000000000
94828  -15.046  -27.166  59.860 0.0000000000
94829  -14.575  -27.740  59.634 0.0000000000
94830  -14.110  -28.330  59.442 0.0000000000
94831  -13.646  -28.949  59.292 0.0000000000
94832  -14.002  -28.939  58.805 0.0000000000
97936  -36.045  -22.229  53.903 0.0000000000
97937  -36.305  -22.004  53.472 0.0000000000
97938  -36.511  -21.784  54.040 0.0000000000
97939  -36.999  -21.042  54.482 0.0000000000
97940  -37.449  -20.254  55.038 0.0000000000
97949  -31.460  -22.463  58.251 0.0000000000
97950  -31.460  -22.623  57.654 0.0000000000
97951  -32.046  -22.487  58.052 0.0000000000
97952  -32.331  -22.492  57.527 0.0000000000
97953  -32.707  -22.494  57.111 0.0000000000
97955  -34.928  -22.038  57.029 0.0000000000
97956  -35.187  -22.073  56.373 0.0000000000
97957  -35.095  -22.325  55.752 0.0000000000
97958  -34.821  -22.592  54.981 0.0000000000
97959  -34.668  -22.821  54.294 0.0000000000
97960  -35.279  -22.473  54.704 0.0000000000
97961  -35.654  -22.417  54.247 0.0000000000
97974  -31.954  -22.256  59.237 0.0000000000
98247  -43.082  -10.923  34.346 0.0000000000
98248  -42.599  -10.887  33.718 0.0000000000
98249  -43.368  -10.560  34.001 0.0000000000
98250  -43.613  -10.205  33.612 0.0000000000
98251  -43.907  -9.866  33.226 0.0000000000
98252  -46.813  -8.330  33.102 0.0000000000
98253  -46.069  -8.643  32.848 0.0000000000
98254  -46.358  -8.361  32.439 0.0000000000
98255  -45.902  -8.349  31.748 0.0000000000
98256  -45.461  -8.375  31.048 0.0000000000
98257  -45.058  -8.445  30.344 0.0000000000
98258  -45.798  -8.131  30.625 0.0000000000
98259  -46.140  -7.895  30.200 0.0000000000
98260  -46.466  -7.651  29.740 0.0000000000
98261  -46.714  -7.473  29.355 0.0000000000
98262  -47.121  -7.381  30.079 0.0000000000
98263  -47.780  -7.104  30.398 0.0000000000
98264  -48.447  -6.820  30.697 0.0000000000
99057  -34.503  -15.367  46.382 0.0000000000
99058  -34.079  -15.721  45.740 0.0000000000
99059  -34.513  -15.103  45.851 0.0000000000
99060  -34.586  -14.865  45.299 0.0000000000
99061  -34.674  -14.622  44.783 0.0000000000
99062  -36.912  -12.873  44.204 0.0000000000
99063  -36.223  -13.257  43.990 0.0000000000
99064  -36.468  -13.117  43.516 0.0000000000
99065  -36.049  -13.397  42.915 0.0000000000
99066  -35.648  -13.711  42.238 0.0000000000
99067  -35.262  -14.039  41.552 0.0000000000
99068  -35.927  -13.604  41.728 0.0000000000
99069  -36.256  -13.492  41.292 0.0000000000
99070  -36.572  -13.415  40.854 0.0000000000
99071  -36.903  -13.347  40.432 0.0000000000
99072  -37.313  -13.033  41.079 0.0000000000
99073  -38.051  -12.725  41.267 0.0000000000
99074  -38.787  -12.454  41.528 0.0000000000
99138  -22.494  -23.463  59.443 0.0000000000
99139  -22.159  -23.686  58.572 0.0000000000
99140  -21.572  -23.991  58.147 0.0000000000
99141  -21.020  -24.338  57.759 0.0000000000
99143  -19.476  -26.139  55.520 0.0000000000
99147  -17.909  -26.588  56.648 0.0000000000
100029  -52.378  -5.231  21.324 0.0000000000
100030  -52.371  -5.808  20.722 0.0000000000
100031  -52.742  -5.205  20.903 0.0000000000
100032  -53.086  -5.181  20.509 0.0000000000
100033  -53.410  -5.163  20.150 0.0000000000
100230  -5.627  -28.965  70.987 0.0000000000
102288  -34.920  -22.878  47.525 0.0000000000
102289  -34.774  -23.267  46.877 0.0000000000
102290  -34.832  -22.587  47.341 0.0000000000
102291  -34.694  -22.355  47.036 0.0000000000
102292  -34.469  -22.088  46.802 0.0000000000
102293  -34.249  -21.845  46.549 0.0000000000
102294  -34.367  -21.449  47.127 0.0000000000
102295  -34.297  -20.785  47.471 0.0000000000
102296  -34.208  -20.136  47.681 0.0000000000
102297  -36.803  -20.447  52.498 0.0000000000
102298  -36.460  -20.750  51.797 0.0000000000
102299  -36.708  -20.089  52.132 0.0000000000
102300  -36.553  -19.686  51.952 0.0000000000
102301  -36.455  -19.338  51.752 0.0000000000
102303  -36.179  -17.260  51.669 0.0000000000
102304  -36.029  -16.963  51.330 0.0000000000
102305  -35.651  -17.281  50.711 0.0000000000
102306  -35.294  -17.632  50.029 0.0000000000
102307  -34.967  -18.003  49.422 0.0000000000
102308  -35.090  -17.320  49.611 0.0000000000
102309  -34.883  -16.996  49.085 0.0000000000
102310  -34.789  -16.706  48.714 0.0000000000
102311  -34.663  -16.400  48.285 0.0000000000
102312  -35.060  -16.063  48.871 0.0000000000
102313  -35.381  -15.427  48.961 0.0000000000
102314  -35.780  -14.836  49.162 0.0000000000
102316  -37.535  -13.095  50.647 0.0000000000
102328  -26.202  -24.689  50.696 0.0000000000
102337  -30.673  -23.246  54.510 0.0000000000
102338  -30.052  -23.345  54.040 0.0000000000
102339  -30.327  -23.389  53.585 0.0000000000
102340  -30.337  -23.580  52.982 0.0000000000
102341  -30.146  -23.793  52.189 0.0000000000
102342  -31.151  -24.500  49.795 0.0000000000
102343  -30.649  -24.479  49.929 0.0000000000
102394  -24.833  -23.082  58.436 0.0000000000
102395  -24.833  -23.619  55.139 0.0000000000
102396  -24.580  -23.562  55.617 0.0000000000
102397  -24.260  -23.875  54.714 0.0000000000
102398  -23.656  -24.199  54.281 0.0000000000
102399  -23.130  -24.583  53.887 0.0000000000
102400  -22.653  -25.007  53.550 0.0000000000
102401  -22.991  -25.014  53.111 0.0000000000
102402  -22.841  -25.598  52.354 0.0000000000
103269  -47.805  -6.741  27.785 0.0000000000
103270  -47.481  -6.976  27.006 0.0000000000
103271  -48.084  -6.577  27.364 0.0000000000
103272  -48.361  -6.427  26.952 0.0000000000
103273  -48.638  -6.294  26.559 0.0000000000
103275  -50.313  -5.274  26.332 0.0000000000
103276  -50.570  -5.132  25.923 0.0000000000
103277  -50.256  -5.398  25.178 0.0000000000
103278  -50.011  -5.719  24.415 0.0000000000
103279  -49.833  -6.116  23.727 0.0000000000
103280  -50.294  -5.629  24.016 0.0000000000
103281  -50.572  -5.554  23.609 0.0000000000
103282  -50.884  -5.484  23.204 0.0000000000
103283  -51.192  -5.418  22.816 0.0000000000
103284  -51.385  -4.998  23.535 0.0000000000
103285  -51.914  -4.581  23.871 0.0000000000
103286  -52.509  -4.188  24.157 0.0000000000
103457  -9.933  -31.584  62.874 0.0000000000
103458  -9.611  -31.720  63.406 0.0000000000
105659  -32.627  -17.383  43.330 0.0000000000
105660  -32.346  -18.158  43.225 0.0000000000
105661  -32.354  -17.878  42.751 0.0000000000
105662  -32.211  -18.424  42.088 0.0000000000
105696  -37.796  -15.711  33.726 0.0000000000
105697  -38.113  -15.025  33.907 0.0000000000
105698  -38.559  -14.375  34.235 0.0000000000
105699  -38.322  -13.328  39.009 0.0000000000
105700  -37.971  -13.647  38.392 0.0000000000
105701  -38.697  -13.343  38.716 0.0000000000
105702  -39.073  -13.371  38.404 0.0000000000
105703  -39.442  -13.392  38.092 0.0000000000
105704  -42.428  -12.476  38.398 0.0000000000
105705  -41.677  -12.799  38.094 0.0000000000
105706  -41.988  -12.700  37.832 0.0000000000
105707  -41.542  -12.883  37.307 0.0000000000
105708  -41.098  -13.012  36.783 0.0000000000
105709  -40.629  -13.166  36.200 0.0000000000
105710  -41.371  -12.838  36.512 0.0000000000
105711  -41.643  -12.616  36.217 0.0000000000
105712  -41.906  -12.388  35.930 0.0000000000
105713  -42.140  -12.136  35.626 0.0000000000
105714  -42.649  -12.116  36.198 0.0000000000
105715  -43.386  -11.777  36.413 0.0000000000
105716  -44.141  -11.417  36.673 0.0000000000
105919  -14.170  -26.796  62.818 0.0000000000
105921  -13.912  -26.854  63.382 0.0000000000
105922  -13.653  -26.930  63.924 0.0000000000
105925  -12.918  -27.505  64.214 0.0000000000
105926  -12.414  -28.033  63.957 0.0000000000
105927  -11.948  -28.566  63.680 0.0000000000
105928  -11.463  -29.148  63.454 0.0000000000
105929  -11.719  -29.092  62.923 0.0000000000
105930  -11.516  -29.673  62.191 0.0000000000
105931  -11.409  -30.224  61.527 0.0000000000
109168  -8.368  -32.174  65.536 0.0000000000
109169  -8.460  -31.539  66.265 0.0000000000
109170  -8.055  -32.273  66.136 0.0000000000
109171  -7.764  -32.296  66.739 0.0000000000
109172  -7.411  -32.388  67.340 0.0000000000
109173  -5.414  -34.495  68.245 0.0000000000
109174  -5.802  -33.834  68.257 0.0000000000
109175  -5.268  -33.789  68.642 0.0000000000
109176  -5.167  -33.097  68.963 0.0000000000
109177  -5.021  -32.426  69.279 0.0000000000
109178  -4.906  -31.692  69.601 0.0000000000
109179  -4.506  -32.328  69.258 0.0000000000
109180  -4.058  -32.219  69.091 0.0000000000
109181  -3.663  -32.097  68.755 0.0000000000
115224  -33.697  -21.945  58.967 0.0000000000
115231  -36.101  -21.343  57.479 0.0000000000
115455  -46.153  -9.591  35.304 0.0000000000
115456  -45.665  -9.633  34.682 0.0000000000
115457  -46.438  -9.258  34.894 0.0000000000
115458  -46.729  -8.912  34.484 0.0000000000
115459  -46.968  -8.615  34.124 0.0000000000
115464  -47.859  -7.720  32.873 0.0000000000
115465  -48.150  -7.436  32.460 0.0000000000
115466  -48.390  -7.208  32.113 0.0000000000
116085  -36.540  -13.236  46.815 0.0000000000
116086  -36.111  -13.491  46.179 0.0000000000
116087  -36.694  -13.056  46.264 0.0000000000
116088  -36.894  -12.881  45.784 0.0000000000
116089  -37.103  -12.760  45.338 0.0000000000
116092  -37.350  -12.638  44.836 0.0000000000
116093  -37.622  -12.544  44.324 0.0000000000
116096  -38.550  -12.305  42.980 0.0000000000
116147  -21.647  -24.703  55.522 0.0000000000
116148  -21.310  -24.697  55.963 0.0000000000
116149  -21.081  -25.178  55.163 0.0000000000
116150  -20.593  -25.708  54.844 0.0000000000
116996  -8.455  -28.734  70.763 0.0000000000
116997  -7.903  -29.337  70.534 0.0000000000
118598  -34.670  -23.782  47.263 0.0000000000
118599  -34.772  -23.661  48.185 0.0000000000
118600  -34.863  -23.446  47.939 0.0000000000
118601  -34.955  -23.151  47.764 0.0000000000
118602  -35.078  -22.535  48.134 0.0000000000
118603  -35.171  -21.892  48.555 0.0000000000
118604  -35.184  -21.290  48.855 0.0000000000
118616  -36.265  -14.976  50.712 0.0000000000
118625  -24.538  -24.306  52.880 0.0000000000
118626  -24.428  -24.653  52.123 0.0000000000
118627  -24.920  -24.261  52.506 0.0000000000
118628  -25.408  -24.249  52.139 0.0000000000
118629  -25.842  -24.286  51.761 0.0000000000
118630  -26.488  -23.701  53.087 0.0000000000
118631  -26.353  -24.016  52.183 0.0000000000
118632  -26.310  -24.336  51.517 0.0000000000
118633  -26.711  -24.397  51.099 0.0000000000
118634  -27.091  -24.521  50.788 0.0000000000
118635  -27.582  -24.467  50.568 0.0000000000
118636  -32.328  -23.487  53.115 0.0000000000
118637  -31.755  -23.573  52.827 0.0000000000
118638  -32.166  -23.651  52.359 0.0000000000
118639  -32.022  -23.840  51.719 0.0000000000
118640  -31.829  -23.998  51.011 0.0000000000
118641  -32.855  -23.947  51.068 0.0000000000
118642  -32.291  -24.076  50.663 0.0000000000
118643  -31.683  -24.339  50.159 0.0000000000
118644  -31.476  -24.652  49.360 0.0000000000
118651  -33.069  -24.788  48.131 0.0000000000
118678  -26.340  -22.883  58.859 0.0000000000
118679  -26.534  -22.942  58.380 0.0000000000
118680  -26.213  -23.118  57.463 0.0000000000
118681  -25.770  -23.252  56.534 0.0000000000
118682  -26.599  -23.210  56.517 0.0000000000
118683  -25.929  -23.290  56.034 0.0000000000
118684  -25.353  -23.413  55.580 0.0000000000
118685  -25.125  -23.645  54.706 0.0000000000
118686  -24.728  -23.948  53.718 0.0000000000
119330  -42.817  -10.435  29.237 0.0000000000
119360  -48.044  -8.635  23.825 0.0000000000
119361  -50.362  -5.484  29.025 0.0000000000
119362  -49.967  -5.607  28.309 0.0000000000
119363  -50.599  -5.286  28.617 0.0000000000
119364  -50.813  -5.107  28.210 0.0000000000
119372  -52.344  -4.118  25.718 0.0000000000
121220  -33.053  -16.463  41.102 0.0000000000
121221  -32.691  -17.185  41.075 0.0000000000
121222  -32.855  -16.992  40.516 0.0000000000
121250  -37.364  -15.009  35.384 0.0000000000
121251  -41.469  -12.319  40.092 0.0000000000
121252  -41.039  -12.574  39.479 0.0000000000
121253  -41.856  -12.321  39.769 0.0000000000
121254  -42.201  -12.306  39.492 0.0000000000
121255  -42.550  -12.266  39.224 0.0000000000
121258  -42.890  -12.202  38.961 0.0000000000
121259  -43.197  -12.118  38.676 0.0000000000
121260  -43.504  -12.015  38.389 0.0000000000
121261  -43.822  -11.867  38.114 0.0000000000
121262  -44.109  -11.685  37.846 0.0000000000
121413  -16.976  -25.568  60.168 0.0000000000
121414  -17.248  -25.124  60.993 0.0000000000
121422  -14.962  -26.233  62.508 0.0000000000
121423  -15.004  -26.669  61.170 0.0000000000
121424  -14.737  -26.718  61.703 0.0000000000
121425  -14.472  -26.744  62.245 0.0000000000
121426  -13.959  -27.288  61.988 0.0000000000
121427  -13.484  -27.775  61.744 0.0000000000
121428  -12.950  -28.406  61.513 0.0000000000
121429  -12.486  -29.001  61.325 0.0000000000
121430  -12.776  -28.964  60.789 0.0000000000
121431  -12.682  -29.554  60.127 0.0000000000
123959  -4.038  -35.076  68.529 0.0000000000
128671  -35.153  -23.210  51.090 0.0000000000
128672  -35.436  -22.938  50.867 0.0000000000
128673  -35.688  -22.708  51.545 0.0000000000
128674  -36.111  -22.160  51.933 0.0000000000
128675  -36.465  -21.533  52.291 0.0000000000
128676  -36.588  -21.639  53.243 0.0000000000
128677  -36.737  -21.249  52.964 0.0000000000
128678  -36.793  -20.824  52.654 0.0000000000
128679  -37.094  -20.106  53.232 0.0000000000
128683  -37.664  -20.004  55.638 0.0000000000
128699  -29.087  -23.051  56.489 0.0000000000
128700  -28.787  -23.113  55.671 0.0000000000
128701  -29.406  -23.046  56.123 0.0000000000
128702  -29.850  -23.127  55.783 0.0000000000
128703  -30.369  -23.115  55.526 0.0000000000
128704  -31.054  -22.891  56.616 0.0000000000
128705  -30.925  -22.954  55.923 0.0000000000
128706  -30.859  -23.086  55.256 0.0000000000
128707  -31.187  -23.107  54.881 0.0000000000
128708  -31.627  -23.166  54.581 0.0000000000
128709  -32.017  -23.211  54.169 0.0000000000
128710  -33.520  -22.128  58.189 0.0000000000
128711  -33.493  -22.230  57.591 0.0000000000
128712  -33.267  -22.517  56.832 0.0000000000
128713  -34.241  -22.340  56.640 0.0000000000
128714  -33.596  -22.495  56.375 0.0000000000
128715  -33.024  -22.636  56.033 0.0000000000
128716  -32.816  -22.846  55.330 0.0000000000
128717  -32.731  -23.077  54.616 0.0000000000
128718  -32.533  -23.242  53.955 0.0000000000
128719  -32.942  -23.289  53.548 0.0000000000
128720  -33.309  -23.303  53.161 0.0000000000
128721  -33.751  -23.396  52.757 0.0000000000
128722  -34.469  -23.045  53.633 0.0000000000
128723  -34.321  -23.210  53.086 0.0000000000
128724  -34.092  -23.468  52.225 0.0000000000
128725  -34.487  -23.383  51.910 0.0000000000
128726  -34.857  -23.317  51.605 0.0000000000
128752  -30.367  -22.600  59.396 0.0000000000
128753  -29.806  -22.722  58.347 0.0000000000
128754  -29.407  -22.897  57.418 0.0000000000
129327  -40.296  -12.531  33.109 0.0000000000
129328  -40.123  -12.758  32.315 0.0000000000
129329  -40.582  -12.197  32.688 0.0000000000
129330  -40.882  -11.860  32.312 0.0000000000
129332  -42.139  -10.893  33.032 0.0000000000
129333  -41.783  -10.986  32.314 0.0000000000
129334  -41.524  -11.209  31.551 0.0000000000
129338  -45.202  -9.632  34.068 0.0000000000
129339  -44.705  -9.605  33.484 0.0000000000
129340  -44.207  -9.550  32.815 0.0000000000
129341  -45.311  -8.943  32.635 0.0000000000
129342  -44.518  -9.234  32.384 0.0000000000
129343  -43.768  -9.543  32.127 0.0000000000
129344  -43.388  -9.617  31.392 0.0000000000
129345  -43.078  -9.767  30.660 0.0000000000
129346  -42.879  -10.069  29.907 0.0000000000
129347  -43.241  -9.822  29.453 0.0000000000
129348  -43.598  -9.595  28.999 0.0000000000
129349  -43.949  -9.346  28.603 0.0000000000
129350  -44.716  -8.594  29.610 0.0000000000
129351  -44.462  -8.836  28.857 0.0000000000
129352  -44.355  -9.183  28.164 0.0000000000
129353  -44.746  -9.009  27.740 0.0000000000
129354  -45.126  -8.844  27.305 0.0000000000
129355  -45.514  -8.678  26.860 0.0000000000
129356  -45.862  -8.543  26.470 0.0000000000
129357  -45.914  -8.137  27.153 0.0000000000
129358  -46.400  -7.668  27.454 0.0000000000
129359  -46.913  -7.273  27.828 0.0000000000
129360  -46.991  -7.281  28.984 0.0000000000
129361  -47.255  -7.096  28.598 0.0000000000
129362  -47.511  -6.915  28.195 0.0000000000
129363  -48.165  -6.590  28.481 0.0000000000
129364  -48.796  -6.292  28.819 0.0000000000
129365  -49.455  -5.990  29.132 0.0000000000
129366  -48.667  -6.981  31.744 0.0000000000
129367  -48.938  -6.753  31.368 0.0000000000
129368  -49.179  -6.529  30.988 0.0000000000
129372  -49.634  -6.109  30.205 0.0000000000
129373  -49.864  -5.895  29.818 0.0000000000
129374  -50.108  -5.687  29.422 0.0000000000
129375  -50.783  -5.374  29.716 0.0000000000
131037  -33.172  -18.019  45.898 0.0000000000
131038  -32.945  -18.427  45.487 0.0000000000
131039  -33.066  -17.719  45.458 0.0000000000
131040  -32.969  -17.452  44.945 0.0000000000
131041  -32.922  -17.203  44.409 0.0000000000
131042  -33.684  -16.113  45.166 0.0000000000
131043  -33.296  -16.524  44.503 0.0000000000
131044  -32.917  -16.932  43.871 0.0000000000
131045  -32.977  -16.679  43.360 0.0000000000
131046  -33.071  -16.441  42.853 0.0000000000
131047  -33.173  -16.202  42.332 0.0000000000
131048  -35.691  -13.793  45.560 0.0000000000
131049  -35.238  -14.104  44.928 0.0000000000
131050  -34.805  -14.398  44.237 0.0000000000
131051  -35.582  -13.714  43.892 0.0000000000
131052  -34.957  -14.225  43.719 0.0000000000
131053  -34.415  -14.760  43.615 0.0000000000
131054  -34.020  -15.143  43.003 0.0000000000
131055  -33.641  -15.544  42.335 0.0000000000
131056  -33.332  -15.987  41.710 0.0000000000
131057  -33.498  -15.798  41.165 0.0000000000
131058  -33.711  -15.595  40.677 0.0000000000
131059  -33.960  -15.420  40.137 0.0000000000
131060  -34.892  -14.412  40.915 0.0000000000
131061  -34.520  -14.827  40.303 0.0000000000
131062  -34.230  -15.284  39.633 0.0000000000
131063  -34.540  -15.155  39.136 0.0000000000
131064  -34.871  -15.057  38.699 0.0000000000
131065  -35.212  -14.976  38.278 0.0000000000
131066  -35.558  -14.907  37.882 0.0000000000
131067  -35.825  -14.437  38.562 0.0000000000
131068  -36.526  -14.001  38.790 0.0000000000
131069  -37.239  -13.619  39.025 0.0000000000
131070  -37.247  -13.316  40.018 0.0000000000
131071  -37.603  -13.295  39.671 0.0000000000
131072  -37.967  -13.318  39.314 0.0000000000
131073  -38.724  -13.013  39.605 0.0000000000
131074  -39.503  -12.770  39.870 0.0000000000
131075  -40.281  -12.538  40.120 0.0000000000
131076  -38.882  -12.258  42.552 0.0000000000
131077  -39.235  -12.217  42.180 0.0000000000
131078  -39.597  -12.191  41.809 0.0000000000
131079  -40.818  -11.733  42.752 0.0000000000
131080  -40.416  -11.955  42.071 0.0000000000
131081  -39.957  -12.190  41.437 0.0000000000
131082  -40.340  -12.207  41.071 0.0000000000
131083  -40.734  -12.252  40.741 0.0000000000
131084  -41.102  -12.299  40.407 0.0000000000
131085  -41.909  -12.036  40.694 0.0000000000
131086  -42.700  -11.753  41.022 0.0000000000
131218  -21.032  -24.710  56.446 0.0000000000
131219  -20.705  -24.726  56.904 0.0000000000
131220  -20.435  -24.695  57.382 0.0000000000
131221  -19.658  -25.579  56.267 0.0000000000
131222  -19.894  -25.073  57.027 0.0000000000
131223  -20.110  -24.688  57.869 0.0000000000
131224  -19.791  -24.667  58.343 0.0000000000
131225  -19.453  -24.663  58.820 0.0000000000
131227  -18.555  -25.094  58.972 0.0000000000
131228  -17.980  -25.564  58.643 0.0000000000
131229  -17.414  -26.046  58.360 0.0000000000
131230  -17.560  -26.561  57.141 0.0000000000
131231  -17.202  -26.578  57.579 0.0000000000
131232  -16.866  -26.554  58.080 0.0000000000
133100  -53.942  -4.085  21.028 0.0000000000
133101  -53.801  -4.583  20.398 0.0000000000
137869  -33.745  -21.391  45.991 0.0000000000
137870  -33.429  -21.171  45.633 0.0000000000
137871  -33.287  -20.482  45.847 0.0000000000
137872  -33.225  -19.731  46.083 0.0000000000
137873  -33.219  -19.038  46.213 0.0000000000
137874  -35.575  -22.671  50.523 0.0000000000
137875  -35.756  -22.281  50.488 0.0000000000
137876  -35.756  -21.944  50.200 0.0000000000
137877  -36.243  -21.025  51.208 0.0000000000
137878  -35.970  -21.340  50.544 0.0000000000
137879  -35.711  -21.594  49.929 0.0000000000
137880  -35.597  -21.277  49.718 0.0000000000
137881  -35.422  -20.934  49.509 0.0000000000
137882  -35.229  -20.620  49.274 0.0000000000
137885  -36.238  -18.973  51.472 0.0000000000
137887  -35.950  -18.629  51.044 0.0000000000
137888  -35.855  -19.335  50.713 0.0000000000
137889  -35.551  -19.641  50.110 0.0000000000
137890  -35.275  -19.971  49.556 0.0000000000
137891  -35.039  -20.298  49.042 0.0000000000
137892  -34.772  -20.015  48.670 0.0000000000
137893  -34.460  -19.726  48.255 0.0000000000
137894  -34.266  -19.422  48.019 0.0000000000
137895  -34.617  -18.368  48.812 0.0000000000
137896  -34.320  -18.735  48.235 0.0000000000
137897  -33.993  -19.120  47.666 0.0000000000
137898  -33.740  -18.839  47.257 0.0000000000
137899  -33.589  -18.527  46.904 0.0000000000
137900  -33.368  -18.286  46.411 0.0000000000
137901  -33.554  -17.588  46.528 0.0000000000
137902  -33.816  -16.909  46.697 0.0000000000
137903  -34.097  -16.241  46.704 0.0000000000
137904  -34.596  -16.144  47.854 0.0000000000
137905  -34.528  -15.868  47.346 0.0000000000
137906  -34.480  -15.616  46.891 0.0000000000
137907  -34.920  -14.999  47.003 0.0000000000
137908  -35.375  -14.446  47.078 0.0000000000
137909  -35.890  -13.897  47.138 0.0000000000
137910  -36.235  -14.720  50.217 0.0000000000
137911  -36.182  -14.466  49.744 0.0000000000
137912  -36.158  -14.238  49.282 0.0000000000
137913  -37.073  -13.392  50.063 0.0000000000
137914  -36.626  -13.690  49.387 0.0000000000
137915  -36.192  -14.002  48.736 0.0000000000
137916  -36.239  -13.800  48.262 0.0000000000
137917  -36.340  -13.579  47.813 0.0000000000
137918  -36.441  -13.396  47.284 0.0000000000
137956  -28.708  -23.237  54.903 0.0000000000
137957  -28.504  -23.406  54.066 0.0000000000
137958  -28.352  -23.506  53.269 0.0000000000
137959  -29.330  -23.443  53.426 0.0000000000
137960  -28.836  -23.556  53.005 0.0000000000
137961  -28.335  -23.698  52.564 0.0000000000
137962  -28.210  -23.960  51.762 0.0000000000
137963  -28.058  -24.237  51.028 0.0000000000
137964  -28.028  -24.653  50.295 0.0000000000
137965  -31.103  -23.739  52.247 0.0000000000
137966  -30.615  -23.808  51.925 0.0000000000
137967  -30.019  -23.999  51.372 0.0000000000
137968  -30.310  -24.364  50.313 0.0000000000
137969  -29.909  -24.286  50.604 0.0000000000
137970  -29.506  -24.184  50.979 0.0000000000
137971  -28.890  -24.495  50.429 0.0000000000
137972  -28.464  -24.695  50.016 0.0000000000
138070  -23.413  -23.253  59.385 0.0000000000
138071  -23.099  -23.486  58.466 0.0000000000
138072  -22.716  -23.701  57.569 0.0000000000
138073  -22.467  -23.976  56.742 0.0000000000
138074  -25.644  -23.039  58.394 0.0000000000
138075  -24.994  -23.182  57.946 0.0000000000
138076  -24.394  -23.325  57.497 0.0000000000
138077  -24.328  -23.525  56.090 0.0000000000
138078  -24.090  -23.525  56.593 0.0000000000
138079  -23.833  -23.509  57.075 0.0000000000
138080  -23.259  -23.766  56.650 0.0000000000
138081  -22.709  -24.013  56.250 0.0000000000
138082  -22.185  -24.326  55.857 0.0000000000
138083  -21.865  -24.787  54.977 0.0000000000
138084  -21.688  -25.301  54.201 0.0000000000
138086  -22.244  -25.438  53.272 0.0000000000
139854  -46.196  -8.453  26.079 0.0000000000
139855  -46.518  -8.359  25.693 0.0000000000
139856  -46.836  -8.271  25.305 0.0000000000
139857  -47.268  -7.284  26.264 0.0000000000
139858  -47.135  -7.714  25.528 0.0000000000
139859  -47.152  -8.211  24.926 0.0000000000
139860  -47.496  -8.138  24.584 0.0000000000
139861  -47.844  -8.070  24.234 0.0000000000
139862  -48.204  -8.002  23.882 0.0000000000
139863  -49.575  -5.751  27.601 0.0000000000
139864  -49.233  -5.916  26.878 0.0000000000
139865  -48.915  -6.156  26.117 0.0000000000
139866  -49.739  -5.643  26.012 0.0000000000
139867  -49.183  -6.037  25.689 0.0000000000
139868  -48.633  -6.499  25.352 0.0000000000
139869  -48.482  -6.913  24.652 0.0000000000
139870  -48.452  -7.396  24.037 0.0000000000
139871  -48.541  -7.972  23.537 0.0000000000
139872  -48.886  -7.917  23.187 0.0000000000
139873  -49.231  -7.849  22.837 0.0000000000
139874  -49.588  -7.842  22.495 0.0000000000
139875  -49.742  -6.618  23.102 0.0000000000
139876  -49.800  -7.182  22.551 0.0000000000
139877  -49.965  -7.825  22.161 0.0000000000
139882  -51.425  -6.472  21.273 0.0000000000
139883  -51.704  -5.849  21.461 0.0000000000
139884  -51.484  -5.364  22.445 0.0000000000
139885  -51.773  -5.303  22.089 0.0000000000
139886  -52.068  -5.260  21.715 0.0000000000
139887  -52.510  -4.736  21.987 0.0000000000
139888  -53.027  -4.268  22.265 0.0000000000
139889  -53.597  -3.804  22.569 0.0000000000
140237  -10.460  -29.305  65.700 0.0000000000
140238  -10.130  -29.448  66.248 0.0000000000
140239  -9.976  -29.956  65.458 0.0000000000
140240  -9.495  -30.634  65.286 0.0000000000
140241  -9.061  -31.335  65.105 0.0000000000
140242  -9.305  -31.830  63.920 0.0000000000
140243  -8.976  -31.965  64.444 0.0000000000
140244  -8.667  -32.071  64.990 0.0000000000
144717  -32.601  -18.944  44.746 0.0000000000
144718  -32.430  -19.460  44.178 0.0000000000
144726  -32.391  -17.939  41.025 0.0000000000
144797  -39.571  -13.371  33.026 0.0000000000
144798  -35.890  -14.843  37.534 0.0000000000
144799  -36.253  -14.800  37.187 0.0000000000
144800  -36.591  -14.746  36.877 0.0000000000
144801  -37.618  -13.966  37.750 0.0000000000
144802  -37.263  -14.303  37.159 0.0000000000
144803  -36.926  -14.704  36.563 0.0000000000
144804  -37.282  -14.664  36.273 0.0000000000
144805  -37.610  -14.580  35.990 0.0000000000
144806  -37.941  -14.493  35.725 0.0000000000
144807  -40.624  -12.873  38.933 0.0000000000
144808  -40.201  -13.129  38.363 0.0000000000
144809  -39.772  -13.376  37.827 0.0000000000
144810  -40.890  -13.071  37.822 0.0000000000
144811  -40.125  -13.335  37.548 0.0000000000
144812  -39.408  -13.609  37.245 0.0000000000
144813  -38.971  -13.828  36.682 0.0000000000
144814  -38.594  -14.091  36.080 0.0000000000
144815  -38.265  -14.358  35.456 0.0000000000
144816  -38.539  -14.238  35.178 0.0000000000
144817  -38.813  -14.068  34.857 0.0000000000
144818  -39.098  -13.854  34.579 0.0000000000
144819  -40.167  -13.244  35.584 0.0000000000
144820  -39.723  -13.388  34.955 0.0000000000
144821  -39.358  -13.606  34.285 0.0000000000
144822  -39.590  -13.356  33.997 0.0000000000
144823  -39.822  -13.093  33.695 0.0000000000
144824  -40.050  -12.820  33.396 0.0000000000
144825  -40.675  -12.345  33.783 0.0000000000
144826  -41.348  -11.912  34.124 0.0000000000
144827  -42.073  -11.566  34.424 0.0000000000
144828  -42.361  -11.855  35.321 0.0000000000
144829  -42.609  -11.553  34.997 0.0000000000
144830  -42.845  -11.240  34.663 0.0000000000
144831  -43.605  -10.917  34.899 0.0000000000
144832  -44.359  -10.585  35.144 0.0000000000
144833  -45.142  -10.254  35.385 0.0000000000
144834  -44.383  -11.480  37.557 0.0000000000
145177  -11.129  -28.267  66.775 0.0000000000
145256  -11.875  -27.708  66.480 0.0000000000
145257  -11.375  -28.249  66.202 0.0000000000
145258  -10.916  -28.782  65.920 0.0000000000
145259  -10.717  -29.251  65.123 0.0000000000
145260  -10.535  -29.802  64.360 0.0000000000
145261  -10.396  -30.345  63.627 0.0000000000
145262  -11.027  -29.738  63.268 0.0000000000
145263  -10.639  -30.320  63.090 0.0000000000
145264  -10.260  -30.951  62.961 0.0000000000
145268  -12.077  -29.592  61.151 0.0000000000
145269  -11.693  -30.212  61.032 0.0000000000
151769  -9.809  -29.534  66.852 0.0000000000
151770  -9.447  -29.643  67.469 0.0000000000
151771  -9.126  -29.723  68.085 0.0000000000
151772  -8.571  -30.929  67.007 0.0000000000
151773  -8.661  -30.374  67.828 0.0000000000
151774  -8.764  -29.800  68.686 0.0000000000
151775  -8.370  -29.879  69.251 0.0000000000
151776  -7.911  -29.924  69.779 0.0000000000
151777  -7.410  -29.934  70.224 0.0000000000
151778  -7.033  -33.771  66.641 0.0000000000
151779  -7.044  -33.076  67.254 0.0000000000
151780  -7.070  -32.412  67.917 0.0000000000
151781  -6.209  -33.141  68.333 0.0000000000
151782  -6.616  -32.469  68.439 0.0000000000
151783  -7.014  -31.806  68.581 0.0000000000
151784  -6.978  -31.185  69.227 0.0000000000
151785  -6.929  -30.565  69.925 0.0000000000
151786  -6.856  -29.903  70.525 0.0000000000
151787  -6.279  -29.813  70.687 0.0000000000
151788  -5.701  -29.705  70.698 0.0000000000
151789  -5.146  -29.581  70.556 0.0000000000
151790  -4.776  -30.970  69.888 0.0000000000
151791  -4.694  -30.199  70.116 0.0000000000
151792  -4.655  -29.419  70.286 0.0000000000
151793  -4.243  -29.245  69.897 0.0000000000
151804  -3.596  -35.052  68.386 0.0000000000
151812  -3.260  -35.006  68.071 0.0000000000
151813  -3.487  -34.288  68.401 0.0000000000
151814  -3.408  -33.520  68.386 0.0000000000
151815  -3.358  -32.738  68.323 0.0000000000
151816  -3.369  -31.945  68.284 0.0000000000
