#!ascii label  , from subject fsaverage_sym vox2ras=TkReg
1014
17  -19.202  -34.259  70.152 0.0000000000
367  -44.985  -23.240  57.713 0.0000000000
368  -48.454  -17.442  52.007 0.0000000000
468  -53.598  -16.458  45.061 0.0000000000
863  -41.918  -26.700  58.454 0.0000000000
1024  -51.196  -16.672  48.552 0.0000000000
1027  -53.743  -14.778  36.850 0.0000000000
1028  -56.963  -11.734  34.920 0.0000000000
1813  -48.303  -25.153  57.007 0.0000000000
1814  -50.077  -21.913  54.493 0.0000000000
1815  -46.773  -19.979  55.197 0.0000000000
1823  -20.778  -31.051  71.110 0.0000000000
1825  -24.868  -30.740  69.421 0.0000000000
1826  -29.072  -30.518  67.990 0.0000000000
1827  -33.165  -30.728  66.439 0.0000000000
1830  -37.542  -30.659  64.531 0.0000000000
1831  -41.759  -29.558  62.581 0.0000000000
1832  -45.433  -27.591  60.096 0.0000000000
2052  -52.194  -20.431  51.026 0.0000000000
2949  -58.691  -10.488  33.677 0.0000000000
3985  -46.979  -23.415  58.758 0.0000000000
3986  -47.928  -21.754  57.571 0.0000000000
3987  -45.980  -21.642  56.495 0.0000000000
4007  -20.897  -31.306  67.743 0.0000000000
4008  -22.819  -30.900  70.200 0.0000000000
4022  -37.913  -29.585  62.147 0.0000000000
4023  -39.676  -30.254  63.506 0.0000000000
4024  -39.999  -28.691  61.723 0.0000000000
4025  -43.514  -25.012  58.078 0.0000000000
4026  -43.718  -26.142  60.675 0.0000000000
4027  -45.433  -24.725  59.900 0.0000000000
4028  -47.073  -26.434  58.668 0.0000000000
4503  -49.694  -18.613  54.481 0.0000000000
4504  -50.979  -20.933  52.725 0.0000000000
4505  -51.248  -17.786  52.845 0.0000000000
4506  -52.310  -16.613  46.785 0.0000000000
4507  -53.941  -17.408  49.193 0.0000000000
4508  -54.937  -17.479  47.221 0.0000000000
4510  -55.721  -17.535  45.164 0.0000000000
4514  -56.461  -13.734  38.629 0.0000000000
4515  -54.887  -14.948  39.636 0.0000000000
6159  -40.192  -28.281  58.787 0.0000000000
6451  -50.734  -17.646  43.691 0.0000000000
6455  -55.290  -13.254  35.892 0.0000000000
6456  -57.941  -12.848  37.355 0.0000000000
6459  -59.680  -12.343  33.352 0.0000000000
8071  -48.243  -26.736  54.437 0.0000000000
8073  -49.261  -23.510  55.746 0.0000000000
8074  -48.751  -20.049  56.124 0.0000000000
8099  -20.369  -32.435  72.217 0.0000000000
8103  -26.274  -32.184  69.585 0.0000000000
8105  -26.950  -30.578  68.670 0.0000000000
8106  -28.272  -32.208  68.707 0.0000000000
8107  -30.290  -32.336  67.954 0.0000000000
8108  -32.296  -32.594  67.040 0.0000000000
8109  -34.324  -32.755  66.036 0.0000000000
8117  -35.326  -30.839  65.570 0.0000000000
8119  -38.634  -32.513  63.559 0.0000000000
8122  -41.904  -27.459  61.270 0.0000000000
8123  -43.672  -28.610  61.493 0.0000000000
8124  -44.337  -30.429  59.150 0.0000000000
8125  -45.984  -29.277  57.672 0.0000000000
8126  -47.285  -28.007  56.123 0.0000000000
8727  -52.731  -17.484  51.052 0.0000000000
8737  -53.379  -16.129  40.674 0.0000000000
8738  -54.900  -16.115  43.368 0.0000000000
10317  -18.949  -33.327  71.994 0.0000000000
11665  -45.990  -23.018  58.671 0.0000000000
11666  -46.432  -22.220  58.045 0.0000000000
11667  -45.514  -22.454  57.135 0.0000000000
11702  -38.092  -29.518  60.734 0.0000000000
11703  -38.956  -29.206  61.948 0.0000000000
11704  -39.124  -29.025  60.513 0.0000000000
11705  -44.266  -24.125  57.943 0.0000000000
11706  -44.403  -24.606  59.288 0.0000000000
11707  -45.211  -23.823  59.005 0.0000000000
11708  -46.247  -24.082  59.367 0.0000000000
12184  -50.425  -18.131  53.694 0.0000000000
12185  -49.900  -17.284  52.711 0.0000000000
12186  -52.965  -16.593  45.912 0.0000000000
12187  -53.903  -16.619  47.291 0.0000000000
12188  -54.475  -16.623  46.367 0.0000000000
12189  -55.327  -17.505  46.176 0.0000000000
12190  -55.037  -16.600  45.443 0.0000000000
12194  -57.689  -13.950  38.956 0.0000000000
12195  -57.082  -14.235  39.718 0.0000000000
12196  -57.885  -14.963  39.548 0.0000000000
14595  -54.833  -13.064  34.384 0.0000000000
14596  -56.095  -12.498  35.404 0.0000000000
14597  -56.643  -12.789  36.837 0.0000000000
14598  -57.430  -12.158  36.284 0.0000000000
14599  -58.501  -12.544  36.525 0.0000000000
14600  -58.170  -11.670  35.575 0.0000000000
14602  -59.562  -11.143  33.869 0.0000000000
17710  -48.421  -26.021  55.759 0.0000000000
17711  -48.891  -25.240  55.087 0.0000000000
17712  -48.803  -24.355  56.386 0.0000000000
17713  -47.332  -20.567  56.708 0.0000000000
17714  -48.341  -20.909  56.820 0.0000000000
17715  -47.733  -19.705  56.002 0.0000000000
17716  -48.145  -18.973  55.199 0.0000000000
17717  -47.116  -19.167  54.472 0.0000000000
17778  -21.361  -32.394  71.798 0.0000000000
17779  -21.682  -31.436  71.717 0.0000000000
17780  -23.851  -30.822  69.841 0.0000000000
17788  -28.188  -30.234  66.956 0.0000000000
17790  -28.011  -30.564  68.325 0.0000000000
17791  -27.725  -31.251  69.131 0.0000000000
17792  -28.766  -31.281  68.727 0.0000000000
17793  -29.287  -32.288  68.295 0.0000000000
17794  -29.784  -31.329  68.372 0.0000000000
17797  -32.834  -31.619  67.072 0.0000000000
17798  -33.299  -32.678  66.549 0.0000000000
17799  -33.854  -31.673  66.573 0.0000000000
17818  -36.654  -30.133  64.019 0.0000000000
17819  -35.573  -30.240  64.380 0.0000000000
17820  -36.431  -30.766  65.075 0.0000000000
17821  -36.017  -31.701  65.556 0.0000000000
17822  -37.128  -31.679  64.937 0.0000000000
17823  -37.577  -32.687  64.170 0.0000000000
17824  -38.210  -31.567  64.344 0.0000000000
17825  -40.706  -29.893  63.091 0.0000000000
17826  -40.332  -31.181  63.177 0.0000000000
17827  -41.348  -30.824  62.552 0.0000000000
17829  -42.347  -30.486  61.887 0.0000000000
17831  -41.046  -27.694  60.183 0.0000000000
17832  -41.901  -26.965  59.964 0.0000000000
17833  -44.666  -26.663  60.827 0.0000000000
17834  -43.784  -27.255  61.307 0.0000000000
17835  -44.563  -28.140  60.808 0.0000000000
17836  -44.158  -29.620  60.437 0.0000000000
17837  -45.023  -29.097  59.692 0.0000000000
17839  -45.881  -28.535  58.944 0.0000000000
17840  -47.727  -25.823  57.806 0.0000000000
17841  -47.329  -27.301  57.418 0.0000000000
17842  -47.951  -26.698  56.572 0.0000000000
17843  -47.778  -27.392  55.274 0.0000000000
17907  -19.836  -31.165  69.651 0.0000000000
17909  -19.757  -31.057  71.293 0.0000000000
17910  -19.640  -31.466  72.429 0.0000000000
19263  -49.716  -23.620  53.894 0.0000000000
19265  -49.983  -23.014  53.044 0.0000000000
19266  -51.575  -20.624  51.853 0.0000000000
19271  -50.584  -16.732  49.455 0.0000000000
19272  -51.430  -16.793  50.916 0.0000000000
19273  -52.116  -16.641  50.064 0.0000000000
19274  -54.394  -18.774  48.573 0.0000000000
19275  -53.930  -18.802  49.537 0.0000000000
19297  -55.577  -15.105  40.875 0.0000000000
19298  -54.112  -15.532  40.123 0.0000000000
19299  -54.828  -15.584  41.424 0.0000000000
19300  -54.113  -16.050  42.014 0.0000000000
19301  -55.562  -15.804  42.649 0.0000000000
19302  -56.057  -16.503  43.538 0.0000000000
23736  -56.571  -11.418  33.439 0.0000000000
23737  -57.815  -11.038  34.310 0.0000000000
23738  -57.466  -10.660  32.954 0.0000000000
23739  -58.389  -10.024  32.352 0.0000000000
25603  -47.812  -24.175  58.171 0.0000000000
25604  -48.311  -23.363  57.543 0.0000000000
25605  -47.494  -22.567  58.218 0.0000000000
25606  -46.926  -21.424  57.397 0.0000000000
25607  -46.376  -20.825  55.840 0.0000000000
25643  -20.828  -31.029  69.522 0.0000000000
25644  -21.802  -30.982  70.646 0.0000000000
25647  -23.913  -30.717  68.290 0.0000000000
25670  -37.747  -29.893  63.554 0.0000000000
25671  -38.573  -30.533  63.973 0.0000000000
25672  -38.810  -29.691  63.171 0.0000000000
25673  -39.876  -29.310  62.853 0.0000000000
25674  -40.888  -28.796  62.557 0.0000000000
25675  -42.741  -25.866  58.299 0.0000000000
25676  -42.746  -26.195  59.754 0.0000000000
25677  -43.582  -25.367  59.557 0.0000000000
25678  -44.595  -25.446  60.298 0.0000000000
25679  -45.599  -26.118  60.186 0.0000000000
25680  -46.341  -27.068  59.401 0.0000000000
25681  -46.375  -25.474  59.593 0.0000000000
25682  -47.127  -24.840  58.896 0.0000000000
25722  -19.920  -31.486  67.857 0.0000000000
26535  -50.046  -20.159  54.760 0.0000000000
26536  -50.531  -21.391  53.576 0.0000000000
26537  -50.658  -19.669  53.881 0.0000000000
26538  -51.343  -19.276  53.054 0.0000000000
26539  -52.077  -19.033  52.222 0.0000000000
26540  -51.724  -16.639  47.673 0.0000000000
26541  -52.760  -16.611  49.163 0.0000000000
26542  -53.337  -16.613  48.228 0.0000000000
26543  -54.484  -17.420  48.258 0.0000000000
26554  -55.096  -14.205  37.760 0.0000000000
26555  -54.294  -14.882  38.247 0.0000000000
26556  -55.687  -14.353  39.136 0.0000000000
26557  -56.319  -14.661  40.335 0.0000000000
29674  -44.236  -23.856  56.401 0.0000000000
29735  -43.569  -24.773  56.639 0.0000000000
30400  -49.182  -17.127  51.158 0.0000000000
30406  -50.262  -17.257  46.944 0.0000000000
30407  -50.888  -17.189  46.094 0.0000000000
30408  -51.478  -17.149  45.216 0.0000000000
30409  -52.102  -17.001  44.376 0.0000000000
30417  -54.514  -14.026  36.386 0.0000000000
30418  -55.864  -13.505  37.305 0.0000000000
30419  -57.197  -13.252  38.025 0.0000000000
30420  -58.223  -13.751  38.113 0.0000000000
30425  -58.889  -11.285  34.773 0.0000000000
30426  -59.374  -12.322  34.469 0.0000000000
34527  -48.661  -25.991  53.840 0.0000000000
34528  -49.353  -24.438  54.473 0.0000000000
34529  -49.668  -22.686  55.135 0.0000000000
34530  -48.775  -22.552  56.892 0.0000000000
34531  -49.210  -21.687  56.231 0.0000000000
34532  -49.584  -20.869  55.515 0.0000000000
34533  -49.171  -19.323  55.318 0.0000000000
34534  -48.587  -18.273  54.358 0.0000000000
34536  -45.229  -22.311  55.220 0.0000000000
34537  -45.644  -21.451  54.649 0.0000000000
34541  -46.190  -19.777  53.371 0.0000000000
34607  -19.853  -33.394  71.450 0.0000000000
34609  -20.858  -33.338  71.088 0.0000000000
34617  -26.553  -33.090  68.322 0.0000000000
34619  -23.988  -30.862  66.475 0.0000000000
34620  -24.964  -30.538  67.935 0.0000000000
34623  -25.908  -30.646  69.106 0.0000000000
34625  -27.231  -32.172  69.040 0.0000000000
34629  -30.572  -33.269  66.788 0.0000000000
34632  -31.572  -33.422  66.391 0.0000000000
34656  -33.384  -30.292  65.152 0.0000000000
34658  -34.479  -30.282  64.789 0.0000000000
34659  -34.243  -30.779  66.002 0.0000000000
34660  -34.931  -31.710  66.087 0.0000000000
34661  -35.392  -32.747  65.441 0.0000000000
34666  -39.270  -31.415  63.729 0.0000000000
34672  -40.094  -28.410  60.310 0.0000000000
34673  -40.974  -28.057  61.524 0.0000000000
34674  -41.912  -28.332  62.164 0.0000000000
34675  -42.823  -26.767  61.033 0.0000000000
34676  -42.890  -27.780  61.837 0.0000000000
34677  -42.746  -29.110  62.042 0.0000000000
34678  -43.262  -30.062  61.183 0.0000000000
34679  -43.523  -30.933  59.941 0.0000000000
34683  -45.814  -29.901  56.355 0.0000000000
34684  -46.662  -27.927  58.197 0.0000000000
34685  -46.687  -28.673  56.885 0.0000000000
34686  -46.439  -29.252  55.620 0.0000000000
34687  -46.969  -28.616  54.783 0.0000000000
34770  -19.396  -32.313  72.701 0.0000000000
36429  -50.673  -17.025  51.831 0.0000000000
36430  -52.029  -17.617  51.969 0.0000000000
36431  -52.747  -18.937  51.349 0.0000000000
36432  -53.381  -17.452  50.123 0.0000000000
36433  -53.355  -18.793  50.490 0.0000000000
36434  -52.749  -20.296  50.190 0.0000000000
36454  -51.349  -17.458  42.812 0.0000000000
36455  -52.763  -16.779  43.514 0.0000000000
36459  -53.523  -15.542  38.782 0.0000000000
36460  -52.816  -16.133  39.335 0.0000000000
36462  -52.678  -16.670  41.306 0.0000000000
36463  -53.384  -16.465  42.725 0.0000000000
36464  -54.264  -16.332  44.186 0.0000000000
36465  -55.539  -16.582  44.465 0.0000000000
41039  -18.688  -34.314  70.285 0.0000000000
42385  -45.480  -23.069  58.262 0.0000000000
42386  -45.704  -22.650  57.980 0.0000000000
42387  -45.261  -22.834  57.433 0.0000000000
42421  -37.641  -29.696  60.096 0.0000000000
42423  -38.598  -29.261  60.524 0.0000000000
42424  -38.669  -29.245  59.832 0.0000000000
42425  -44.661  -23.668  57.859 0.0000000000
42426  -44.704  -23.905  58.542 0.0000000000
42427  -45.090  -23.431  58.461 0.0000000000
42428  -45.593  -23.387  58.865 0.0000000000
42903  -48.773  -17.485  52.839 0.0000000000
42904  -49.506  -17.475  53.142 0.0000000000
42905  -49.184  -17.293  52.417 0.0000000000
42906  -53.314  -16.505  45.497 0.0000000000
42907  -53.719  -16.504  46.192 0.0000000000
42908  -54.086  -16.458  45.749 0.0000000000
42909  -54.772  -16.628  45.891 0.0000000000
42910  -54.365  -16.433  45.302 0.0000000000
42914  -58.097  -14.341  38.852 0.0000000000
42915  -57.867  -14.423  39.308 0.0000000000
45314  -56.323  -11.969  34.413 0.0000000000
45316  -56.524  -12.107  35.157 0.0000000000
45317  -56.773  -12.265  35.904 0.0000000000
45318  -57.192  -11.917  35.640 0.0000000000
45319  -57.808  -11.894  35.953 0.0000000000
45320  -57.596  -11.597  35.337 0.0000000000
48430  -48.404  -25.616  56.378 0.0000000000
48431  -48.640  -25.197  56.072 0.0000000000
48432  -48.541  -24.737  56.718 0.0000000000
48433  -47.040  -20.196  56.015 0.0000000000
48434  -47.521  -20.162  56.330 0.0000000000
48435  -47.236  -19.773  55.673 0.0000000000
48436  -47.420  -19.392  55.289 0.0000000000
48437  -46.945  -19.555  54.860 0.0000000000
48497  -20.733  -31.213  71.761 0.0000000000
48499  -21.249  -31.205  71.532 0.0000000000
48500  -24.337  -30.793  69.636 0.0000000000
48501  -24.272  -31.052  70.185 0.0000000000
48508  -28.653  -30.322  67.564 0.0000000000
48509  -28.107  -30.308  67.710 0.0000000000
48510  -28.549  -30.556  68.170 0.0000000000
48511  -28.423  -30.864  68.630 0.0000000000
48512  -28.934  -30.826  68.470 0.0000000000
48513  -29.283  -31.296  68.515 0.0000000000
48514  -29.447  -30.875  68.274 0.0000000000
48515  -32.670  -30.696  66.660 0.0000000000
48516  -32.525  -31.122  67.116 0.0000000000
48517  -33.014  -31.142  66.846 0.0000000000
48518  -33.323  -31.630  66.839 0.0000000000
48519  -33.530  -31.152  66.593 0.0000000000
48538  -37.093  -30.330  64.323 0.0000000000
48539  -36.556  -30.410  64.533 0.0000000000
48540  -36.955  -30.704  64.827 0.0000000000
48541  -36.786  -31.194  65.062 0.0000000000
48542  -37.349  -31.132  64.780 0.0000000000
48543  -37.675  -31.641  64.623 0.0000000000
48544  -37.898  -31.096  64.528 0.0000000000
48545  -41.244  -29.676  62.860 0.0000000000
48546  -41.054  -30.371  62.878 0.0000000000
48547  -41.590  -30.156  62.621 0.0000000000
48548  -41.858  -30.656  62.237 0.0000000000
48549  -42.100  -30.027  62.327 0.0000000000
48551  -41.486  -27.196  59.291 0.0000000000
48552  -41.893  -26.828  59.229 0.0000000000
48553  -45.085  -27.111  60.531 0.0000000000
48554  -44.653  -27.387  60.822 0.0000000000
48555  -45.007  -27.864  60.460 0.0000000000
48556  -44.836  -28.640  60.284 0.0000000000
48557  -45.276  -28.359  59.928 0.0000000000
48558  -45.442  -28.823  59.300 0.0000000000
48559  -45.711  -28.089  59.561 0.0000000000
48560  -48.028  -25.477  57.441 0.0000000000
48561  -47.884  -26.285  57.181 0.0000000000
48562  -48.127  -25.928  56.797 0.0000000000
48563  -48.173  -26.332  56.151 0.0000000000
48627  -20.316  -31.014  70.457 0.0000000000
48628  -19.794  -31.074  70.510 0.0000000000
48629  -20.296  -31.039  71.237 0.0000000000
48630  -20.238  -31.214  71.856 0.0000000000
49983  -49.915  -22.760  54.199 0.0000000000
49984  -49.858  -23.284  53.469 0.0000000000
49985  -50.103  -22.474  53.787 0.0000000000
49986  -51.881  -20.498  51.422 0.0000000000
49987  -51.451  -21.242  51.121 0.0000000000
49988  -51.708  -21.107  50.707 0.0000000000
49990  -52.021  -20.988  50.343 0.0000000000
49991  -50.892  -16.675  49.006 0.0000000000
49992  -51.361  -16.595  49.785 0.0000000000
49993  -51.670  -16.569  49.346 0.0000000000
50016  -53.367  -15.135  37.110 0.0000000000
50017  -55.914  -15.288  41.470 0.0000000000
50018  -55.213  -15.345  41.146 0.0000000000
50020  -55.195  -15.643  42.053 0.0000000000
58030  -47.432  -23.773  58.531 0.0000000000
58031  -47.688  -23.376  58.229 0.0000000000
58032  -47.246  -22.971  58.495 0.0000000000
58033  -46.207  -21.853  57.362 0.0000000000
58034  -46.678  -21.779  57.747 0.0000000000
58035  -46.423  -21.463  57.026 0.0000000000
58036  -46.630  -21.045  56.690 0.0000000000
58037  -46.187  -21.267  56.150 0.0000000000
58097  -20.863  -31.155  68.645 0.0000000000
58104  -23.423  -30.889  67.508 0.0000000000
58138  -37.446  -29.723  61.595 0.0000000000
58140  -37.365  -29.727  62.367 0.0000000000
58141  -37.295  -29.850  63.087 0.0000000000
58142  -37.825  -29.724  62.932 0.0000000000
58143  -38.274  -29.834  63.371 0.0000000000
58144  -38.381  -29.616  62.733 0.0000000000
58145  -39.513  -28.984  61.878 0.0000000000
58146  -39.430  -29.183  62.490 0.0000000000
58147  -39.958  -28.919  62.355 0.0000000000
58148  -40.399  -29.069  62.687 0.0000000000
58149  -40.447  -28.678  62.192 0.0000000000
58150  -43.134  -25.437  58.202 0.0000000000
58151  -43.140  -25.584  58.941 0.0000000000
58152  -43.563  -25.163  58.870 0.0000000000
58153  -44.912  -24.599  59.678 0.0000000000
58154  -44.484  -24.940  59.863 0.0000000000
58155  -45.003  -25.109  60.063 0.0000000000
58156  -45.098  -25.685  60.401 0.0000000000
58157  -45.509  -25.375  60.075 0.0000000000
58158  -46.004  -25.756  59.920 0.0000000000
58159  -45.920  -25.053  59.826 0.0000000000
58160  -46.611  -23.736  59.085 0.0000000000
58161  -46.709  -24.420  59.209 0.0000000000
58162  -47.084  -24.099  58.905 0.0000000000
58163  -47.468  -24.540  58.535 0.0000000000
58229  -20.412  -31.398  67.770 0.0000000000
58230  -20.378  -31.233  68.661 0.0000000000
59583  -49.902  -19.323  54.719 0.0000000000
59584  -50.339  -19.872  54.332 0.0000000000
59585  -50.250  -19.089  54.274 0.0000000000
59586  -50.831  -17.961  53.245 0.0000000000
59587  -50.973  -18.618  53.471 0.0000000000
59588  -51.374  -18.478  53.037 0.0000000000
59589  -51.733  -19.155  52.639 0.0000000000
59590  -51.744  -18.365  52.631 0.0000000000
59591  -52.038  -16.638  47.238 0.0000000000
59592  -52.543  -16.521  47.989 0.0000000000
59593  -52.822  -16.518  47.545 0.0000000000
59594  -54.516  -16.962  47.331 0.0000000000
59595  -54.284  -16.947  47.813 0.0000000000
59596  -54.721  -17.467  47.718 0.0000000000
59597  -54.745  -18.109  47.955 0.0000000000
59600  -55.113  -18.105  46.923 0.0000000000
59614  -55.779  -13.931  38.219 0.0000000000
59615  -55.389  -14.254  38.462 0.0000000000
59616  -56.091  -14.026  38.887 0.0000000000
59620  -56.609  -14.965  40.814 0.0000000000
65363  -43.862  -24.308  56.485 0.0000000000
66799  -50.579  -17.248  46.485 0.0000000000
66801  -50.399  -17.724  44.105 0.0000000000
66803  -51.085  -17.403  44.463 0.0000000000
66804  -51.791  -17.086  44.806 0.0000000000
66805  -51.432  -17.311  44.054 0.0000000000
66817  -55.056  -13.162  35.170 0.0000000000
66819  -54.651  -13.534  35.391 0.0000000000
66820  -54.258  -13.911  35.632 0.0000000000
66821  -54.889  -13.650  36.138 0.0000000000
66822  -55.191  -13.750  36.871 0.0000000000
66823  -55.569  -13.373  36.632 0.0000000000
66824  -57.306  -12.723  37.162 0.0000000000
66825  -56.902  -13.019  37.448 0.0000000000
66826  -57.550  -13.041  37.686 0.0000000000
66827  -57.803  -13.407  38.167 0.0000000000
66828  -58.094  -13.282  37.782 0.0000000000
66829  -58.423  -13.692  37.628 0.0000000000
66830  -58.337  -13.198  37.312 0.0000000000
66831  -58.755  -12.426  36.060 0.0000000000
66836  -58.234  -10.758  34.006 0.0000000000
66837  -58.383  -11.073  34.626 0.0000000000
66838  -58.790  -10.851  34.265 0.0000000000
66839  -59.778  -11.681  33.674 0.0000000000
66840  -59.502  -11.710  34.199 0.0000000000
76165  -48.053  -27.068  53.788 0.0000000000
76166  -48.246  -26.643  53.523 0.0000000000
76167  -48.464  -26.337  54.173 0.0000000000
76168  -49.138  -24.405  55.448 0.0000000000
76169  -49.128  -24.832  54.817 0.0000000000
76170  -49.347  -23.996  55.104 0.0000000000
76171  -49.573  -23.600  54.794 0.0000000000
76172  -49.482  -23.110  55.397 0.0000000000
76173  -48.161  -22.525  57.665 0.0000000000
76174  -48.559  -22.956  57.263 0.0000000000
76175  -48.382  -22.130  57.296 0.0000000000
76176  -48.557  -20.476  56.492 0.0000000000
76177  -48.795  -21.250  56.605 0.0000000000
76178  -49.016  -20.844  56.232 0.0000000000
76179  -49.392  -21.275  55.863 0.0000000000
76180  -49.197  -20.397  55.915 0.0000000000
76181  -49.409  -20.033  55.507 0.0000000000
76182  -48.944  -19.675  55.714 0.0000000000
76183  -47.826  -18.642  54.512 0.0000000000
76184  -48.335  -18.582  54.809 0.0000000000
76367  -20.147  -32.921  71.983 0.0000000000
76368  -20.355  -33.379  71.272 0.0000000000
76369  -20.648  -32.897  71.735 0.0000000000
76370  -21.881  -32.378  71.603 0.0000000000
76375  -22.309  -30.937  70.485 0.0000000000
76377  -22.761  -31.129  70.791 0.0000000000
76386  -25.472  -32.698  69.475 0.0000000000
76387  -25.970  -32.658  69.234 0.0000000000
76388  -26.080  -33.096  68.567 0.0000000000
76389  -26.430  -32.629  69.004 0.0000000000
76395  -24.513  -30.748  66.336 0.0000000000
76396  -24.453  -30.671  67.214 0.0000000000
76405  -26.430  -30.632  68.893 0.0000000000
76406  -26.319  -30.911  69.447 0.0000000000
76407  -26.858  -30.855  69.235 0.0000000000
76408  -28.008  -31.704  68.994 0.0000000000
76409  -27.505  -31.697  69.210 0.0000000000
76410  -27.755  -32.167  68.905 0.0000000000
76411  -27.431  -32.650  68.617 0.0000000000
76412  -27.911  -32.662  68.348 0.0000000000
76413  -28.060  -33.071  67.688 0.0000000000
76415  -29.759  -32.328  68.101 0.0000000000
76416  -29.431  -32.767  67.810 0.0000000000
76417  -29.959  -32.789  67.621 0.0000000000
76418  -30.094  -33.185  66.998 0.0000000000
76419  -30.466  -32.817  67.440 0.0000000000
76423  -32.082  -32.056  67.390 0.0000000000
76424  -31.555  -31.992  67.628 0.0000000000
76425  -31.779  -32.521  67.267 0.0000000000
76426  -31.449  -32.969  66.986 0.0000000000
76427  -31.952  -33.015  66.771 0.0000000000
76429  -32.440  -33.084  66.575 0.0000000000
76430  -33.821  -32.722  66.304 0.0000000000
76431  -33.445  -33.255  66.065 0.0000000000
76432  -34.024  -33.267  65.839 0.0000000000
76433  -34.069  -33.625  65.193 0.0000000000
76434  -34.490  -33.251  65.555 0.0000000000
76491  -35.462  -30.502  65.016 0.0000000000
76492  -35.015  -30.309  64.576 0.0000000000
76493  -34.901  -30.517  65.196 0.0000000000
76494  -34.362  -30.520  65.445 0.0000000000
76495  -34.788  -30.817  65.774 0.0000000000
76496  -34.592  -31.233  66.098 0.0000000000
76497  -35.137  -31.249  65.879 0.0000000000
76498  -36.293  -32.233  65.242 0.0000000000
76499  -35.744  -32.250  65.553 0.0000000000
76500  -35.957  -32.747  65.131 0.0000000000
76501  -35.596  -33.228  64.956 0.0000000000
76505  -38.118  -32.586  63.881 0.0000000000
76506  -37.726  -33.107  63.655 0.0000000000
76507  -38.269  -32.992  63.380 0.0000000000
76510  -39.124  -30.401  63.752 0.0000000000
76511  -38.968  -30.935  63.981 0.0000000000
76512  -39.507  -30.819  63.721 0.0000000000
76526  -39.642  -28.688  59.583 0.0000000000
76527  -40.121  -28.348  59.527 0.0000000000
76528  -41.467  -27.508  60.789 0.0000000000
76529  -40.991  -27.894  60.864 0.0000000000
76530  -41.438  -27.793  61.379 0.0000000000
76531  -41.445  -28.108  61.916 0.0000000000
76532  -41.923  -27.828  61.792 0.0000000000
76533  -43.211  -26.068  60.326 0.0000000000
76534  -42.807  -26.446  60.451 0.0000000000
76535  -43.277  -26.460  60.836 0.0000000000
76536  -43.771  -27.916  61.469 0.0000000000
76537  -43.342  -27.507  61.594 0.0000000000
76538  -43.306  -28.151  61.744 0.0000000000
76539  -42.839  -28.392  62.010 0.0000000000
76540  -43.211  -28.811  61.814 0.0000000000
76541  -43.033  -29.594  61.681 0.0000000000
76542  -43.490  -29.327  61.360 0.0000000000
76543  -44.273  -30.052  59.796 0.0000000000
76544  -43.879  -30.306  60.186 0.0000000000
76545  -43.918  -30.697  59.529 0.0000000000
76550  -45.593  -29.614  58.018 0.0000000000
76554  -45.946  -29.631  57.006 0.0000000000
76555  -46.687  -26.720  59.045 0.0000000000
76556  -46.549  -27.496  58.840 0.0000000000
76557  -46.905  -27.199  58.456 0.0000000000
76558  -47.330  -27.673  56.799 0.0000000000
76559  -47.039  -28.001  57.174 0.0000000000
76560  -46.999  -28.354  56.520 0.0000000000
76561  -46.580  -28.981  56.248 0.0000000000
76562  -46.895  -28.672  55.842 0.0000000000
76563  -46.699  -28.916  55.203 0.0000000000
76564  -47.159  -28.324  55.443 0.0000000000
76565  -48.023  -27.044  54.858 0.0000000000
76566  -47.607  -27.702  54.602 0.0000000000
76567  -47.834  -27.378  54.202 0.0000000000
76767  -20.061  -31.890  72.538 0.0000000000
76768  -19.537  -31.834  72.684 0.0000000000
76769  -19.888  -32.397  72.446 0.0000000000
76770  -19.655  -32.906  72.176 0.0000000000
80831  -50.735  -21.173  53.105 0.0000000000
80832  -50.461  -21.963  52.880 0.0000000000
80833  -50.647  -21.750  52.395 0.0000000000
80846  -49.554  -16.997  50.727 0.0000000000
80847  -49.915  -16.993  51.557 0.0000000000
80849  -52.130  -17.043  51.060 0.0000000000
80850  -51.765  -17.104  51.541 0.0000000000
80851  -52.363  -17.523  51.518 0.0000000000
80852  -52.495  -18.214  51.768 0.0000000000
80853  -52.792  -18.148  51.294 0.0000000000
80854  -53.408  -16.893  49.278 0.0000000000
80855  -53.117  -16.918  49.720 0.0000000000
80856  -53.678  -17.402  49.706 0.0000000000
80858  -53.634  -18.805  49.991 0.0000000000
80859  -53.380  -19.534  49.952 0.0000000000
80860  -53.109  -19.604  50.376 0.0000000000
80861  -53.037  -20.252  49.761 0.0000000000
80912  -52.051  -17.131  43.168 0.0000000000
80913  -52.369  -16.976  42.759 0.0000000000
80922  -54.581  -14.918  38.951 0.0000000000
80923  -53.914  -15.209  38.505 0.0000000000
80924  -54.187  -15.241  39.209 0.0000000000
80925  -53.760  -15.819  40.397 0.0000000000
80926  -53.425  -15.839  39.738 0.0000000000
80927  -53.056  -16.132  40.007 0.0000000000
80928  -52.420  -16.434  39.625 0.0000000000
80929  -52.681  -16.439  40.282 0.0000000000
80930  -52.366  -16.719  40.584 0.0000000000
80931  -53.030  -16.404  40.971 0.0000000000
80932  -54.507  -16.026  42.702 0.0000000000
80933  -53.755  -16.273  42.352 0.0000000000
80934  -54.153  -16.216  43.073 0.0000000000
80935  -53.827  -16.349  43.470 0.0000000000
80936  -54.598  -16.232  43.768 0.0000000000
80937  -54.991  -16.341  44.392 0.0000000000
80938  -55.278  -16.273  43.956 0.0000000000
94723  -46.456  -23.119  58.837 0.0000000000
94724  -46.736  -22.719  58.529 0.0000000000
94725  -46.211  -22.619  58.339 0.0000000000
94726  -45.969  -22.252  57.685 0.0000000000
94727  -45.764  -22.037  56.857 0.0000000000
94790  -38.002  -29.556  61.478 0.0000000000
94791  -38.448  -29.419  62.111 0.0000000000
94792  -38.510  -29.336  61.348 0.0000000000
94793  -39.056  -29.101  61.255 0.0000000000
94794  -39.571  -28.810  61.199 0.0000000000
94795  -43.900  -24.564  58.024 0.0000000000
94796  -43.903  -24.734  58.728 0.0000000000
94797  -44.336  -24.321  58.667 0.0000000000
94798  -44.813  -24.190  59.194 0.0000000000
94799  -45.363  -24.241  59.503 0.0000000000
94800  -45.870  -24.416  59.604 0.0000000000
94801  -45.746  -23.874  59.307 0.0000000000
94802  -46.107  -23.501  59.059 0.0000000000
95655  -49.455  -18.084  54.090 0.0000000000
95656  -50.094  -18.371  54.074 0.0000000000
95657  -49.797  -17.792  53.749 0.0000000000
95658  -50.190  -17.619  53.286 0.0000000000
95659  -50.604  -17.438  52.866 0.0000000000
95660  -52.674  -16.601  46.362 0.0000000000
95661  -53.150  -16.484  47.110 0.0000000000
95662  -53.451  -16.488  46.651 0.0000000000
95663  -54.162  -16.611  46.819 0.0000000000
95664  -54.737  -16.951  46.849 0.0000000000
95665  -55.142  -17.503  46.690 0.0000000000
95666  -55.020  -16.971  46.343 0.0000000000
95667  -55.270  -16.991  45.872 0.0000000000
95668  -55.507  -16.987  45.417 0.0000000000
95674  -57.121  -13.740  38.866 0.0000000000
95675  -56.761  -13.951  39.211 0.0000000000
95676  -57.380  -14.078  39.350 0.0000000000
95677  -57.570  -14.510  39.737 0.0000000000
99997  -55.456  -12.773  34.894 0.0000000000
99998  -55.691  -12.873  35.679 0.0000000000
99999  -55.951  -12.996  36.355 0.0000000000
100000  -56.357  -12.632  36.158 0.0000000000
100001  -57.034  -12.471  36.593 0.0000000000
100002  -57.695  -12.432  36.877 0.0000000000
100003  -58.213  -12.701  36.947 0.0000000000
100004  -58.036  -12.252  36.504 0.0000000000
100005  -58.348  -12.070  36.100 0.0000000000
100006  -58.667  -11.914  35.653 0.0000000000
100007  -59.156  -10.271  33.316 0.0000000000
100008  -59.206  -10.729  33.874 0.0000000000
100009  -59.592  -10.619  33.428 0.0000000000
100010  -59.869  -11.099  33.376 0.0000000000
100012  -59.798  -12.403  32.757 0.0000000000
105604  -48.365  -26.387  55.102 0.0000000000
105605  -48.612  -26.013  54.804 0.0000000000
105606  -48.669  -25.630  55.424 0.0000000000
105607  -48.893  -24.809  55.730 0.0000000000
105608  -49.006  -23.913  56.092 0.0000000000
105609  -47.649  -21.088  57.237 0.0000000000
105610  -48.158  -21.319  57.225 0.0000000000
105611  -47.830  -20.635  56.889 0.0000000000
105612  -48.030  -20.236  56.496 0.0000000000
105613  -48.254  -19.826  56.146 0.0000000000
105614  -48.449  -19.432  55.766 0.0000000000
105615  -47.928  -19.338  55.599 0.0000000000
105616  -47.608  -18.985  54.920 0.0000000000
105617  -47.307  -18.797  54.116 0.0000000000
105725  -20.547  -31.953  72.287 0.0000000000
105726  -20.900  -32.400  72.041 0.0000000000
105727  -21.065  -31.920  72.103 0.0000000000
105728  -21.548  -31.895  71.870 0.0000000000
105729  -22.046  -31.879  71.617 0.0000000000
105738  -25.983  -31.708  69.847 0.0000000000
105749  -27.344  -30.875  68.983 0.0000000000
105750  -27.878  -30.868  68.805 0.0000000000
105751  -28.244  -31.276  68.933 0.0000000000
105752  -28.551  -31.737  68.801 0.0000000000
105753  -28.767  -32.255  68.502 0.0000000000
105754  -29.050  -31.777  68.618 0.0000000000
105755  -29.572  -31.817  68.466 0.0000000000
105756  -30.047  -31.869  68.253 0.0000000000
105761  -32.592  -32.104  67.181 0.0000000000
105762  -32.781  -32.660  66.785 0.0000000000
105763  -33.098  -32.145  66.964 0.0000000000
105764  -33.606  -32.200  66.669 0.0000000000
105765  -34.143  -32.262  66.397 0.0000000000
105798  -36.222  -30.049  63.499 0.0000000000
105799  -35.652  -30.119  63.653 0.0000000000
105800  -36.104  -30.203  64.144 0.0000000000
105801  -35.986  -30.480  64.757 0.0000000000
105802  -35.874  -30.770  65.331 0.0000000000
105803  -35.701  -31.255  65.631 0.0000000000
105806  -36.852  -32.223  64.950 0.0000000000
105809  -37.942  -32.129  64.348 0.0000000000
105810  -38.471  -32.074  64.032 0.0000000000
105811  -40.203  -30.112  63.314 0.0000000000
105812  -40.039  -30.681  63.417 0.0000000000
105813  -40.542  -30.549  63.165 0.0000000000
105814  -40.844  -31.021  62.887 0.0000000000
105818  -42.068  -31.144  61.728 0.0000000000
105819  -42.521  -30.942  61.346 0.0000000000
105820  -40.634  -27.907  58.696 0.0000000000
105821  -40.621  -27.987  59.487 0.0000000000
105822  -41.041  -27.608  59.391 0.0000000000
105823  -41.468  -27.342  60.052 0.0000000000
105824  -41.901  -27.133  60.646 0.0000000000
105825  -44.195  -26.332  60.847 0.0000000000
105826  -43.780  -26.626  61.082 0.0000000000
105827  -44.247  -26.988  61.038 0.0000000000
105828  -44.205  -27.634  61.179 0.0000000000
105829  -44.103  -28.365  61.145 0.0000000000
105830  -43.975  -29.136  61.054 0.0000000000
105831  -44.385  -28.857  60.689 0.0000000000
105832  -44.590  -29.358  60.080 0.0000000000
105833  -44.701  -29.777  59.432 0.0000000000
105835  -45.127  -29.537  59.022 0.0000000000
105836  -45.542  -29.249  58.652 0.0000000000
105837  -45.962  -28.919  58.309 0.0000000000
105838  -47.420  -26.117  58.258 0.0000000000
105839  -47.245  -26.878  58.050 0.0000000000
105840  -47.586  -26.555  57.680 0.0000000000
105841  -47.644  -26.972  57.034 0.0000000000
105842  -47.636  -27.349  56.379 0.0000000000
105843  -47.561  -27.682  55.724 0.0000000000
105844  -47.897  -27.054  55.941 0.0000000000
105845  -48.150  -26.707  55.516 0.0000000000
105961  -19.318  -31.236  69.685 0.0000000000
105962  -19.281  -31.118  70.583 0.0000000000
105963  -19.243  -31.097  71.414 0.0000000000
105966  -20.153  -31.495  72.308 0.0000000000
108404  -51.252  -20.773  52.253 0.0000000000
108405  -50.894  -21.540  51.977 0.0000000000
108406  -51.156  -21.383  51.527 0.0000000000
108413  -50.266  -16.796  49.881 0.0000000000
108414  -50.697  -16.740  50.660 0.0000000000
108415  -51.046  -16.661  50.230 0.0000000000
108416  -51.773  -16.703  50.495 0.0000000000
108417  -52.464  -16.974  50.635 0.0000000000
108418  -54.276  -18.062  48.960 0.0000000000
108419  -54.023  -18.054  49.452 0.0000000000
108459  -55.219  -14.985  40.279 0.0000000000
108460  -54.492  -15.242  39.879 0.0000000000
108461  -54.857  -15.249  40.531 0.0000000000
108462  -54.485  -15.543  40.773 0.0000000000
108463  -54.096  -15.825  41.019 0.0000000000
108464  -53.732  -16.099  41.326 0.0000000000
108465  -54.436  -15.815  41.684 0.0000000000
108466  -54.836  -15.820  42.371 0.0000000000
108467  -55.219  -15.935  43.001 0.0000000000
108468  -55.576  -16.194  43.542 0.0000000000
116820  -56.786  -11.557  34.152 0.0000000000
116821  -57.385  -11.354  34.615 0.0000000000
116822  -57.209  -11.167  33.893 0.0000000000
116823  -57.634  -10.823  33.630 0.0000000000
116824  -58.106  -10.501  33.341 0.0000000000
116826  -57.925  -10.334  32.655 0.0000000000
116827  -58.590  -10.184  33.035 0.0000000000
116828  -59.039  -9.932  32.719 0.0000000000
121177  -48.115  -24.670  57.611 0.0000000000
121178  -48.371  -24.268  57.315 0.0000000000
121179  -48.068  -23.810  57.832 0.0000000000
121180  -47.946  -22.923  57.975 0.0000000000
121181  -47.701  -22.172  57.878 0.0000000000
121182  -46.968  -22.333  58.225 0.0000000000
121183  -47.202  -21.902  57.922 0.0000000000
121184  -47.458  -21.515  57.600 0.0000000000
121185  -47.123  -20.981  57.064 0.0000000000
121186  -46.826  -20.649  56.324 0.0000000000
121187  -46.600  -20.365  55.547 0.0000000000
121271  -20.808  -30.988  70.351 0.0000000000
121272  -21.306  -30.982  70.913 0.0000000000
121273  -21.332  -30.943  70.136 0.0000000000
121274  -21.841  -30.901  69.885 0.0000000000
121278  -22.864  -30.818  69.437 0.0000000000
121279  -23.376  -30.773  69.289 0.0000000000
121280  -23.885  -30.731  69.113 0.0000000000
121281  -24.397  -30.660  68.938 0.0000000000
121302  -32.756  -30.447  66.077 0.0000000000
121332  -36.759  -29.997  63.275 0.0000000000
121333  -37.216  -30.042  63.838 0.0000000000
121334  -37.647  -30.277  64.093 0.0000000000
121335  -38.079  -30.610  64.253 0.0000000000
121336  -38.163  -30.142  63.851 0.0000000000
121337  -38.715  -30.058  63.639 0.0000000000
121338  -39.267  -29.900  63.479 0.0000000000
121339  -38.900  -29.402  62.610 0.0000000000
121340  -39.347  -29.511  62.978 0.0000000000
121341  -39.792  -29.729  63.243 0.0000000000
121342  -40.309  -29.558  63.054 0.0000000000
121343  -40.825  -29.338  62.844 0.0000000000
121344  -41.338  -29.119  62.671 0.0000000000
121345  -42.315  -26.287  58.339 0.0000000000
121346  -42.319  -26.414  59.127 0.0000000000
121347  -42.736  -26.000  59.038 0.0000000000
121348  -43.179  -25.808  59.624 0.0000000000
121349  -43.656  -25.697  60.155 0.0000000000
121350  -44.009  -24.981  59.438 0.0000000000
121351  -44.071  -25.335  60.005 0.0000000000
121352  -44.175  -25.739  60.535 0.0000000000
121353  -44.643  -25.996  60.603 0.0000000000
121354  -45.107  -26.367  60.488 0.0000000000
121355  -45.560  -26.827  60.189 0.0000000000
121356  -45.893  -27.301  59.744 0.0000000000
121357  -46.010  -26.584  59.847 0.0000000000
121358  -46.391  -26.229  59.544 0.0000000000
121359  -46.774  -25.948  59.217 0.0000000000
121360  -46.341  -24.711  59.534 0.0000000000
121361  -46.811  -25.204  59.216 0.0000000000
121362  -47.154  -25.665  58.779 0.0000000000
121363  -47.475  -25.325  58.432 0.0000000000
121364  -47.788  -24.999  58.044 0.0000000000
121457  -19.881  -31.321  68.724 0.0000000000
121458  -20.346  -31.100  69.560 0.0000000000
123351  -50.088  -21.037  54.688 0.0000000000
123352  -50.268  -21.675  54.033 0.0000000000
123353  -50.379  -20.775  54.208 0.0000000000
123354  -50.645  -20.547  53.763 0.0000000000
123355  -50.897  -20.288  53.356 0.0000000000
123356  -50.593  -18.831  53.889 0.0000000000
123357  -51.020  -19.463  53.493 0.0000000000
123358  -51.216  -20.103  52.916 0.0000000000
123359  -51.542  -19.960  52.497 0.0000000000
123360  -51.899  -19.855  52.048 0.0000000000
123361  -52.221  -19.755  51.659 0.0000000000
123362  -51.472  -16.629  48.117 0.0000000000
123363  -51.970  -16.545  48.893 0.0000000000
123364  -52.245  -16.496  48.432 0.0000000000
123365  -52.998  -16.593  48.725 0.0000000000
123366  -53.685  -16.922  48.792 0.0000000000
123367  -53.637  -16.629  47.781 0.0000000000
123368  -53.977  -16.911  48.314 0.0000000000
123369  -54.235  -17.432  48.692 0.0000000000
123370  -54.534  -18.055  48.479 0.0000000000
123394  -54.429  -14.482  37.323 0.0000000000
123395  -54.027  -14.853  37.553 0.0000000000
123396  -54.710  -14.537  38.019 0.0000000000
123397  -54.962  -14.601  38.699 0.0000000000
123398  -55.304  -14.647  39.393 0.0000000000
123399  -56.397  -14.223  39.480 0.0000000000
123400  -56.046  -14.473  39.771 0.0000000000
123401  -55.629  -14.732  40.041 0.0000000000
123402  -55.951  -14.866  40.611 0.0000000000
123403  -56.268  -15.138  41.132 0.0000000000
131008  -44.582  -23.529  57.079 0.0000000000
131009  -44.855  -23.146  56.772 0.0000000000
131010  -44.482  -23.494  56.089 0.0000000000
131169  -41.931  -26.623  57.666 0.0000000000
131171  -42.749  -25.773  57.530 0.0000000000
131172  -43.161  -25.338  57.443 0.0000000000
131175  -43.525  -24.873  57.359 0.0000000000
131176  -43.916  -24.434  57.311 0.0000000000
131177  -44.248  -23.979  57.180 0.0000000000
132975  -48.097  -17.512  51.118 0.0000000000
132976  -48.791  -17.282  51.585 0.0000000000
132978  -48.807  -17.227  50.318 0.0000000000
132979  -49.174  -17.134  49.903 0.0000000000
132984  -50.156  -16.977  48.623 0.0000000000
132985  -50.426  -16.957  48.187 0.0000000000
132994  -50.720  -16.929  47.748 0.0000000000
132995  -50.970  -16.926  47.299 0.0000000000
132996  -51.289  -16.908  46.880 0.0000000000
132997  -51.605  -16.869  46.453 0.0000000000
132999  -51.151  -17.180  45.642 0.0000000000
133000  -51.922  -16.845  46.015 0.0000000000
133001  -52.189  -16.835  45.570 0.0000000000
133002  -52.527  -16.758  45.178 0.0000000000
133003  -52.846  -16.663  44.733 0.0000000000
133022  -53.894  -14.285  35.899 0.0000000000
133023  -54.143  -14.396  36.655 0.0000000000
133024  -54.811  -14.116  37.095 0.0000000000
133025  -55.481  -13.854  37.541 0.0000000000
133026  -56.140  -13.618  37.993 0.0000000000
133027  -56.240  -13.136  37.083 0.0000000000
133028  -56.521  -13.302  37.732 0.0000000000
133029  -56.843  -13.482  38.344 0.0000000000
133030  -57.464  -13.569  38.525 0.0000000000
133031  -57.963  -13.826  38.550 0.0000000000
133032  -58.306  -14.260  38.385 0.0000000000
133037  -58.567  -13.109  36.847 0.0000000000
133043  -57.982  -11.325  34.984 0.0000000000
133044  -58.534  -11.446  35.204 0.0000000000
133045  -58.980  -11.783  35.203 0.0000000000
133046  -59.241  -11.199  34.340 0.0000000000
133047  -59.236  -11.747  34.706 0.0000000000
144612  -48.814  -25.634  54.455 0.0000000000
144613  -49.027  -25.220  54.197 0.0000000000
144614  -49.253  -24.822  53.874 0.0000000000
144615  -49.542  -24.044  54.175 0.0000000000
144616  -49.764  -23.179  54.518 0.0000000000
144617  -49.853  -22.273  54.808 0.0000000000
144618  -48.597  -23.850  57.004 0.0000000000
144619  -48.813  -23.425  56.702 0.0000000000
144620  -49.083  -23.016  56.378 0.0000000000
144621  -48.599  -21.666  56.977 0.0000000000
144622  -48.989  -22.120  56.545 0.0000000000
144623  -49.287  -22.612  56.010 0.0000000000
144624  -49.486  -22.196  55.702 0.0000000000
144625  -49.686  -21.779  55.391 0.0000000000
144626  -49.888  -21.396  55.033 0.0000000000
144627  -49.804  -20.477  55.166 0.0000000000
144628  -49.648  -19.702  55.111 0.0000000000
144629  -49.431  -18.953  54.875 0.0000000000
144630  -48.664  -19.081  55.329 0.0000000000
144631  -48.917  -18.703  54.907 0.0000000000
144632  -49.155  -18.343  54.514 0.0000000000
144635  -48.205  -17.646  52.466 0.0000000000
144636  -45.098  -22.740  56.505 0.0000000000
144638  -45.594  -21.967  55.867 0.0000000000
144640  -45.443  -21.889  54.937 0.0000000000
144641  -45.797  -21.553  55.569 0.0000000000
144642  -45.993  -21.094  55.284 0.0000000000
144643  -46.174  -20.679  54.947 0.0000000000
144644  -46.344  -20.253  54.639 0.0000000000
144653  -46.517  -19.833  54.339 0.0000000000
144654  -46.645  -19.442  53.954 0.0000000000
144662  -47.874  -17.632  51.596 0.0000000000
144851  -19.539  -33.837  70.837 0.0000000000
144853  -20.031  -33.819  70.681 0.0000000000
144854  -20.535  -33.735  70.526 0.0000000000
144862  -21.747  -31.164  71.260 0.0000000000
144863  -22.176  -31.453  71.443 0.0000000000
144886  -23.945  -30.767  67.369 0.0000000000
144887  -24.431  -30.641  68.085 0.0000000000
144888  -24.923  -30.590  68.733 0.0000000000
144897  -25.370  -30.681  69.204 0.0000000000
144900  -26.507  -31.715  69.639 0.0000000000
144901  -27.185  -31.233  69.295 0.0000000000
144903  -26.746  -32.147  69.327 0.0000000000
144904  -26.937  -32.627  68.773 0.0000000000
144910  -28.950  -32.691  67.983 0.0000000000
144917  -30.288  -31.342  68.274 0.0000000000
144918  -30.564  -31.856  68.071 0.0000000000
144921  -30.773  -32.386  67.765 0.0000000000
144922  -30.937  -32.899  67.195 0.0000000000
144928  -32.964  -33.149  66.348 0.0000000000
144929  -33.097  -33.593  65.724 0.0000000000
144995  -32.899  -30.246  65.475 0.0000000000
144996  -33.313  -30.460  65.866 0.0000000000
145001  -34.572  -30.213  64.037 0.0000000000
145003  -33.956  -30.307  65.018 0.0000000000
145004  -33.827  -30.508  65.629 0.0000000000
145005  -33.703  -30.727  66.214 0.0000000000
145006  -34.065  -31.214  66.336 0.0000000000
145007  -34.392  -31.703  66.341 0.0000000000
145008  -34.647  -32.248  66.138 0.0000000000
145009  -35.473  -31.708  65.828 0.0000000000
145010  -35.187  -32.240  65.863 0.0000000000
145011  -34.871  -32.761  65.760 0.0000000000
145012  -35.042  -33.223  65.287 0.0000000000
145024  -38.433  -31.012  64.229 0.0000000000
145025  -38.723  -31.489  64.010 0.0000000000
145026  -38.989  -31.973  63.716 0.0000000000
145027  -39.786  -31.307  63.450 0.0000000000
145028  -39.511  -31.880  63.384 0.0000000000
145029  -39.179  -32.394  63.254 0.0000000000
145042  -39.188  -28.968  59.745 0.0000000000
145043  -39.615  -28.733  60.392 0.0000000000
145044  -40.044  -28.514  61.022 0.0000000000
145045  -40.556  -28.068  60.257 0.0000000000
145046  -40.539  -28.203  60.959 0.0000000000
145047  -40.459  -28.409  61.570 0.0000000000
145048  -40.913  -28.440  62.008 0.0000000000
145049  -41.406  -28.579  62.352 0.0000000000
145050  -41.882  -28.902  62.461 0.0000000000
145051  -42.359  -26.567  59.926 0.0000000000
145052  -42.342  -26.816  60.540 0.0000000000
145053  -42.383  -27.126  61.144 0.0000000000
145054  -43.326  -26.958  61.268 0.0000000000
145055  -42.879  -27.264  61.457 0.0000000000
145056  -42.398  -27.542  61.690 0.0000000000
145057  -42.398  -28.063  61.980 0.0000000000
145058  -42.383  -28.681  62.250 0.0000000000
145059  -42.255  -29.322  62.310 0.0000000000
145060  -42.565  -29.756  62.018 0.0000000000
145061  -42.810  -30.272  61.544 0.0000000000
145062  -42.966  -30.763  60.950 0.0000000000
145063  -43.719  -29.819  60.816 0.0000000000
145064  -43.421  -30.516  60.594 0.0000000000
145078  -46.130  -27.769  59.195 0.0000000000
145079  -46.293  -28.217  58.589 0.0000000000
145080  -46.370  -28.644  57.922 0.0000000000
145081  -47.024  -27.621  57.804 0.0000000000
145082  -46.711  -28.325  57.539 0.0000000000
145083  -46.341  -28.999  57.271 0.0000000000
145089  -46.747  -28.844  54.159 0.0000000000
145090  -47.394  -27.986  55.067 0.0000000000
145091  -47.178  -28.269  54.408 0.0000000000
145337  -19.201  -32.807  72.447 0.0000000000
145338  -19.385  -33.374  71.748 0.0000000000
150237  -50.278  -22.236  53.312 0.0000000000
150255  -49.560  -17.115  52.010 0.0000000000
150256  -50.314  -17.113  52.292 0.0000000000
150257  -51.015  -17.319  52.432 0.0000000000
150258  -51.062  -16.859  51.375 0.0000000000
150259  -51.394  -17.220  51.974 0.0000000000
150260  -51.632  -17.716  52.397 0.0000000000
150261  -52.104  -18.279  52.178 0.0000000000
150262  -52.429  -18.959  51.788 0.0000000000
150263  -52.551  -19.697  51.258 0.0000000000
150264  -52.426  -16.623  49.603 0.0000000000
150265  -52.813  -16.964  50.166 0.0000000000
150266  -53.045  -17.422  50.613 0.0000000000
150268  -53.438  -18.091  50.378 0.0000000000
150269  -53.121  -18.087  50.856 0.0000000000
150270  -53.055  -18.886  50.904 0.0000000000
150271  -52.820  -19.641  50.809 0.0000000000
150272  -52.490  -20.352  50.630 0.0000000000
150332  -51.033  -17.563  43.237 0.0000000000
150333  -51.703  -17.251  43.596 0.0000000000
150334  -52.454  -16.898  43.944 0.0000000000
150335  -53.189  -16.599  44.297 0.0000000000
150345  -53.632  -15.186  37.814 0.0000000000
150346  -53.237  -15.520  38.077 0.0000000000
150347  -52.871  -15.838  38.366 0.0000000000
150348  -53.832  -15.529  39.491 0.0000000000
150349  -53.157  -15.843  39.058 0.0000000000
150350  -52.480  -16.133  38.642 0.0000000000
150355  -52.029  -16.999  40.943 0.0000000000
150356  -52.292  -16.940  41.643 0.0000000000
150357  -53.365  -16.367  41.644 0.0000000000
150358  -53.019  -16.601  41.989 0.0000000000
150359  -52.688  -16.809  42.383 0.0000000000
150360  -53.070  -16.644  43.132 0.0000000000
150361  -53.523  -16.487  43.865 0.0000000000
150362  -53.945  -16.402  44.600 0.0000000000
150363  -54.695  -16.380  44.840 0.0000000000
150364  -55.298  -16.586  44.955 0.0000000000
150365  -55.702  -17.000  44.871 0.0000000000
150366  -55.803  -16.534  44.002 0.0000000000
150367  -55.932  -17.003  44.336 0.0000000000
150368  -55.896  -17.534  44.616 0.0000000000
