#!ascii label  , from subject fsaverage_sym vox2ras=TkReg
1151
120  -53.540  21.698  16.014 0.0000000000
266  -44.099  35.763  3.767 0.0000000000
525  -43.041  29.082  12.029 0.0000000000
526  -52.569  27.422  5.995 0.0000000000
1158  -48.788  34.029  0.810 0.0000000000
1159  -48.625  31.900  5.327 0.0000000000
1160  -51.792  28.586  1.615 0.0000000000
1161  -49.345  25.101  4.101 0.0000000000
1627  -48.694  17.589  20.879 0.0000000000
1628  -49.345  21.752  17.820 0.0000000000
1631  -39.742  39.928  3.321 0.0000000000
1632  -43.760  37.898  -0.272 0.0000000000
1633  -48.172  35.796  -3.374 0.0000000000
2219  -48.605  25.670  13.720 0.0000000000
2220  -43.533  32.880  8.272 0.0000000000
2221  -48.478  29.347  9.587 0.0000000000
2222  -53.148  24.912  10.906 0.0000000000
2223  -51.641  22.255  7.357 0.0000000000
2224  -45.866  21.778  7.558 0.0000000000
3074  -53.646  20.632  13.753 0.0000000000
3078  -50.714  32.522  -1.004 0.0000000000
3079  -50.640  31.322  1.267 0.0000000000
3080  -51.295  29.264  -0.557 0.0000000000
3081  -49.932  27.052  0.828 0.0000000000
3673  -49.194  19.689  19.428 0.0000000000
3674  -46.683  21.279  18.165 0.0000000000
3676  -38.801  41.295  5.504 0.0000000000
3681  -46.022  36.916  -1.764 0.0000000000
4911  -45.904  25.170  14.528 0.0000000000
4912  -45.676  27.094  12.486 0.0000000000
4913  -41.797  36.524  5.289 0.0000000000
4915  -43.857  34.353  6.079 0.0000000000
4916  -50.873  30.050  5.775 0.0000000000
4917  -48.661  30.843  7.512 0.0000000000
4918  -50.922  28.821  8.087 0.0000000000
4919  -51.010  27.208  10.305 0.0000000000
4920  -52.972  26.090  8.396 0.0000000000
4921  -53.669  23.208  8.729 0.0000000000
4922  -52.990  24.527  6.456 0.0000000000
4924  -47.555  23.747  6.255 0.0000000000
6692  -46.358  34.952  2.306 0.0000000000
6693  -46.173  33.609  4.550 0.0000000000
6694  -48.427  32.676  2.961 0.0000000000
6695  -50.704  30.632  3.492 0.0000000000
6696  -52.238  28.149  3.724 0.0000000000
6697  -52.041  25.654  4.322 0.0000000000
6698  -51.054  26.426  2.487 0.0000000000
6699  -48.033  25.965  2.419 0.0000000000
7638  -51.338  18.017  20.615 0.0000000000
7639  -51.777  20.169  19.149 0.0000000000
7640  -51.811  22.089  17.360 0.0000000000
7643  -38.830  39.662  7.450 0.0000000000
7644  -39.847  38.710  5.117 0.0000000000
7645  -42.005  37.869  3.455 0.0000000000
7648  -44.230  37.114  1.871 0.0000000000
7649  -46.546  36.309  0.312 0.0000000000
7650  -48.847  35.209  -1.238 0.0000000000
7651  -50.300  33.443  -3.133 0.0000000000
7653  -49.573  34.275  -4.970 0.0000000000
9219  -46.257  23.389  16.555 0.0000000000
9220  -48.875  23.831  15.962 0.0000000000
9221  -51.318  24.206  15.139 0.0000000000
9224  -43.285  31.262  10.246 0.0000000000
9225  -46.171  32.470  6.918 0.0000000000
9226  -46.078  31.218  8.945 0.0000000000
9227  -45.811  29.341  10.770 0.0000000000
9228  -48.459  27.389  11.478 0.0000000000
9229  -51.032  25.786  12.638 0.0000000000
9230  -53.275  23.551  13.513 0.0000000000
9231  -53.657  22.084  11.241 0.0000000000
9232  -51.955  21.152  9.459 0.0000000000
9233  -49.364  20.522  8.486 0.0000000000
9234  -50.533  23.753  5.853 0.0000000000
9235  -48.685  22.054  7.181 0.0000000000
9236  -46.772  20.021  7.909 0.0000000000
10750  -53.640  20.896  17.008 0.0000000000
10752  -53.919  20.383  15.908 0.0000000000
10754  -53.847  21.199  14.964 0.0000000000
10758  -51.062  31.403  -1.872 0.0000000000
10759  -51.247  30.854  -0.853 0.0000000000
10760  -50.926  29.797  -1.556 0.0000000000
10761  -50.289  28.513  -0.960 0.0000000000
12592  -44.316  28.106  12.218 0.0000000000
12593  -42.952  36.148  4.514 0.0000000000
12596  -51.861  28.834  5.904 0.0000000000
12597  -50.885  29.508  6.869 0.0000000000
12598  -51.922  28.259  7.114 0.0000000000
12599  -52.005  27.527  8.272 0.0000000000
12600  -52.776  26.802  7.216 0.0000000000
12601  -53.328  25.266  7.349 0.0000000000
12602  -52.998  25.966  6.187 0.0000000000
14993  -47.574  34.542  1.575 0.0000000000
14994  -47.395  33.804  2.649 0.0000000000
14995  -48.581  33.303  1.868 0.0000000000
14996  -51.434  29.988  1.463 0.0000000000
14997  -50.611  30.935  2.397 0.0000000000
14998  -51.505  29.720  2.539 0.0000000000
14999  -51.660  29.487  3.668 0.0000000000
15000  -52.031  28.387  2.688 0.0000000000
15001  -52.012  27.176  2.923 0.0000000000
15002  -51.640  27.363  1.981 0.0000000000
15004  -48.966  26.469  1.631 0.0000000000
16780  -49.311  20.743  18.631 0.0000000000
16781  -50.529  19.964  19.357 0.0000000000
16782  -50.629  20.996  18.534 0.0000000000
16783  -51.917  21.169  18.299 0.0000000000
16784  -50.674  21.958  17.697 0.0000000000
16788  -39.094  40.599  4.382 0.0000000000
16789  -39.144  39.922  5.300 0.0000000000
16790  -39.838  39.334  4.267 0.0000000000
16791  -40.880  38.206  4.226 0.0000000000
16792  -40.824  38.868  3.399 0.0000000000
16798  -42.603  38.371  0.600 0.0000000000
16799  -42.985  38.043  1.740 0.0000000000
16800  -44.071  37.616  0.869 0.0000000000
16801  -45.348  36.729  1.108 0.0000000000
16802  -45.234  37.195  0.024 0.0000000000
16803  -47.138  36.365  -2.494 0.0000000000
16804  -47.556  36.186  -1.410 0.0000000000
16805  -48.603  35.578  -2.285 0.0000000000
16806  -49.739  34.426  -2.155 0.0000000000
16807  -49.446  34.835  -3.249 0.0000000000
16808  -49.963  33.918  -4.027 0.0000000000
16809  -48.981  35.155  -4.143 0.0000000000
20488  -41.949  24.743  16.004 0.0000000000
20489  -42.191  23.882  16.976 0.0000000000
20490  -43.486  23.980  16.439 0.0000000000
20491  -45.020  23.190  16.897 0.0000000000
20492  -44.731  24.116  15.998 0.0000000000
20493  -47.284  25.420  14.149 0.0000000000
20494  -47.398  24.568  15.265 0.0000000000
20495  -48.721  24.789  14.891 0.0000000000
20496  -50.146  24.053  15.581 0.0000000000
20497  -49.931  25.006  14.449 0.0000000000
20503  -42.194  32.923  8.970 0.0000000000
20504  -42.004  32.098  9.963 0.0000000000
20505  -43.391  32.103  9.282 0.0000000000
20506  -47.305  32.707  4.998 0.0000000000
20507  -46.158  33.078  5.804 0.0000000000
20508  -47.413  32.247  6.196 0.0000000000
20509  -48.574  30.214  8.574 0.0000000000
20510  -47.410  31.054  8.257 0.0000000000
20511  -47.277  30.325  9.250 0.0000000000
20512  -45.935  30.369  9.924 0.0000000000
20513  -47.163  29.356  10.180 0.0000000000
20514  -47.117  28.331  11.044 0.0000000000
20515  -48.414  28.307  10.523 0.0000000000
20516  -52.136  26.116  10.651 0.0000000000
20517  -51.014  26.503  11.428 0.0000000000
20518  -52.249  25.526  11.878 0.0000000000
20519  -52.327  24.839  13.125 0.0000000000
20520  -53.206  24.292  12.173 0.0000000000
20521  -53.686  22.864  12.384 0.0000000000
20522  -53.694  23.477  11.068 0.0000000000
20523  -52.961  22.575  7.869 0.0000000000
20524  -53.090  22.073  9.027 0.0000000000
20525  -51.880  21.677  8.355 0.0000000000
20526  -50.625  20.861  8.926 0.0000000000
20527  -50.514  21.451  7.951 0.0000000000
20528  -50.816  25.204  4.062 0.0000000000
20529  -51.355  24.600  5.016 0.0000000000
20530  -49.917  24.456  5.017 0.0000000000
20531  -46.743  22.827  6.996 0.0000000000
20532  -48.159  22.916  6.780 0.0000000000
20533  -47.258  21.954  7.300 0.0000000000
20534  -47.733  21.037  7.599 0.0000000000
20535  -46.373  20.840  7.639 0.0000000000
20536  -45.498  19.718  7.843 0.0000000000
23958  -53.611  18.981  18.726 0.0000000000
23966  -52.890  20.267  12.634 0.0000000000
23972  -49.890  33.417  -0.074 0.0000000000
23973  -49.678  32.708  1.055 0.0000000000
23974  -50.677  31.856  0.121 0.0000000000
23975  -51.344  30.339  0.281 0.0000000000
23976  -51.595  28.852  0.517 0.0000000000
23977  -51.240  27.628  1.033 0.0000000000
23978  -50.820  27.965  0.019 0.0000000000
25043  -49.006  18.612  20.216 0.0000000000
25044  -47.811  19.442  19.506 0.0000000000
25046  -48.038  21.499  17.952 0.0000000000
25051  -38.848  41.192  3.329 0.0000000000
25057  -44.915  37.416  -1.076 0.0000000000
25060  -46.572  36.383  -3.621 0.0000000000
25061  -47.575  35.939  -4.305 0.0000000000
27271  -44.607  24.952  14.917 0.0000000000
27273  -45.786  26.109  13.456 0.0000000000
27274  -47.107  26.304  13.022 0.0000000000
27279  -43.705  33.598  7.243 0.0000000000
27280  -49.823  31.011  5.573 0.0000000000
27281  -48.727  31.409  6.456 0.0000000000
27282  -49.821  30.536  6.672 0.0000000000
27283  -49.783  29.948  7.766 0.0000000000
27284  -49.768  29.167  8.935 0.0000000000
27285  -49.755  28.296  9.942 0.0000000000
27286  -50.951  28.031  9.215 0.0000000000
27287  -52.061  26.804  9.458 0.0000000000
27288  -53.104  25.455  9.637 0.0000000000
27289  -53.706  24.006  9.773 0.0000000000
27290  -53.592  24.615  8.556 0.0000000000
27291  -53.424  23.811  7.532 0.0000000000
27292  -52.527  23.251  6.882 0.0000000000
27294  -48.432  24.445  5.251 0.0000000000
30973  -41.831  30.063  11.818 0.0000000000
30974  -45.187  35.369  3.003 0.0000000000
30975  -45.121  34.692  4.111 0.0000000000
30976  -46.265  34.252  3.388 0.0000000000
30977  -47.295  33.174  3.754 0.0000000000
30978  -48.455  32.272  4.166 0.0000000000
30979  -49.602  32.080  2.148 0.0000000000
30980  -49.588  31.679  3.289 0.0000000000
30981  -49.682  31.363  4.427 0.0000000000
30982  -50.783  30.389  4.636 0.0000000000
30983  -51.786  29.205  4.736 0.0000000000
30984  -52.428  27.891  4.823 0.0000000000
30985  -52.652  26.508  4.975 0.0000000000
30986  -52.399  26.861  3.934 0.0000000000
30987  -51.575  26.127  3.360 0.0000000000
30988  -50.217  25.691  3.120 0.0000000000
30989  -50.480  26.691  1.673 0.0000000000
30990  -49.576  26.097  2.353 0.0000000000
33351  -50.335  18.870  20.124 0.0000000000
33352  -51.669  19.099  20.002 0.0000000000
33353  -52.771  19.173  19.546 0.0000000000
33354  -52.914  20.201  18.735 0.0000000000
33355  -52.926  21.137  17.799 0.0000000000
33356  -52.822  22.010  16.825 0.0000000000
33361  -39.027  38.433  7.169 0.0000000000
33363  -39.180  39.244  6.210 0.0000000000
33364  -39.820  38.057  6.059 0.0000000000
33365  -40.792  37.611  5.127 0.0000000000
33366  -41.918  37.167  4.326 0.0000000000
33367  -43.088  36.794  3.566 0.0000000000
33373  -40.607  39.336  2.403 0.0000000000
33374  -41.940  38.468  2.567 0.0000000000
33375  -43.131  37.495  2.672 0.0000000000
33376  -44.242  36.445  2.786 0.0000000000
33377  -45.310  36.056  2.015 0.0000000000
33378  -46.523  35.645  1.333 0.0000000000
33379  -47.732  35.249  0.584 0.0000000000
33380  -46.419  36.703  -0.712 0.0000000000
33381  -47.794  35.815  -0.415 0.0000000000
33382  -48.920  34.713  -0.229 0.0000000000
33383  -49.914  33.999  -1.136 0.0000000000
33384  -50.591  33.020  -2.056 0.0000000000
33387  -50.412  32.453  -3.752 0.0000000000
33388  -50.052  32.906  -4.648 0.0000000000
33390  -48.466  35.328  -5.096 0.0000000000
37900  -46.527  22.362  17.343 0.0000000000
37901  -47.792  22.585  17.111 0.0000000000
37902  -46.062  24.345  15.610 0.0000000000
37903  -47.575  23.609  16.285 0.0000000000
37904  -49.104  22.797  16.924 0.0000000000
37905  -50.360  23.010  16.639 0.0000000000
37906  -51.524  23.106  16.292 0.0000000000
37907  -52.532  23.044  15.696 0.0000000000
37916  -43.178  30.240  11.176 0.0000000000
37917  -45.083  34.007  5.311 0.0000000000
37918  -44.987  33.380  6.527 0.0000000000
37919  -44.936  32.733  7.643 0.0000000000
37920  -47.454  31.654  7.253 0.0000000000
37921  -46.195  31.864  7.947 0.0000000000
37922  -44.858  32.038  8.566 0.0000000000
37923  -44.694  31.317  9.596 0.0000000000
37924  -44.563  30.336  10.524 0.0000000000
37925  -44.432  29.259  11.410 0.0000000000
37926  -45.702  28.221  11.618 0.0000000000
37927  -47.105  27.261  11.942 0.0000000000
37928  -48.514  26.489  12.538 0.0000000000
37929  -49.748  27.417  10.946 0.0000000000
37930  -49.791  26.563  12.022 0.0000000000
37931  -49.856  25.806  13.217 0.0000000000
37932  -51.159  25.008  13.875 0.0000000000
37933  -52.387  24.030  14.419 0.0000000000
37934  -53.347  22.679  14.813 0.0000000000
37935  -53.782  22.118  13.751 0.0000000000
37936  -53.624  21.462  12.511 0.0000000000
37937  -53.039  20.959  11.425 0.0000000000
37938  -53.696  22.641  9.959 0.0000000000
37939  -53.077  21.532  10.204 0.0000000000
37940  -51.938  20.627  10.586 0.0000000000
37941  -50.688  20.307  9.944 0.0000000000
37942  -49.485  19.952  9.402 0.0000000000
37944  -52.515  25.108  5.426 0.0000000000
37945  -51.952  23.933  5.950 0.0000000000
37946  -51.140  23.022  6.581 0.0000000000
37947  -49.049  23.752  5.979 0.0000000000
37948  -49.649  22.951  6.590 0.0000000000
37949  -50.148  22.172  7.170 0.0000000000
37950  -49.130  21.243  7.683 0.0000000000
37951  -48.055  20.303  8.109 0.0000000000
41470  -53.596  21.293  16.514 0.0000000000
41471  -53.825  20.646  16.473 0.0000000000
41472  -53.814  21.050  16.008 0.0000000000
41473  -53.893  20.813  15.477 0.0000000000
41474  -53.776  21.457  15.577 0.0000000000
41478  -50.921  30.849  -2.223 0.0000000000
41479  -51.079  30.569  -1.745 0.0000000000
41480  -50.754  30.066  -2.033 0.0000000000
43311  -43.658  28.077  12.465 0.0000000000
43312  -43.674  28.595  12.121 0.0000000000
43313  -43.540  35.940  4.126 0.0000000000
43314  -43.491  35.641  4.673 0.0000000000
43315  -44.066  35.415  4.287 0.0000000000
43316  -52.250  28.147  5.950 0.0000000000
43317  -51.897  28.573  6.491 0.0000000000
43318  -52.292  27.914  6.552 0.0000000000
43319  -52.371  27.551  7.168 0.0000000000
43320  -52.677  27.141  6.600 0.0000000000
43321  -52.958  26.400  6.676 0.0000000000
43322  -52.829  26.686  6.073 0.0000000000
45713  -48.190  34.293  1.197 0.0000000000
45714  -48.089  33.914  1.726 0.0000000000
45715  -48.678  33.658  1.338 0.0000000000
45716  -51.681  29.297  1.542 0.0000000000
45717  -51.452  29.857  2.012 0.0000000000
45718  -51.731  29.182  2.066 0.0000000000
45719  -51.861  29.052  2.582 0.0000000000
45720  -51.899  28.484  2.153 0.0000000000
45721  -51.937  27.840  2.294 0.0000000000
45722  -51.792  27.938  1.785 0.0000000000
47499  -49.413  17.693  20.848 0.0000000000
47500  -49.336  21.263  18.209 0.0000000000
47501  -49.981  20.873  18.594 0.0000000000
47502  -49.991  21.374  18.166 0.0000000000
47503  -50.647  21.484  18.104 0.0000000000
47504  -50.000  21.853  17.773 0.0000000000
47508  -39.392  40.254  3.825 0.0000000000
47509  -39.466  39.962  4.319 0.0000000000
47510  -39.838  39.672  3.823 0.0000000000
47511  -40.321  39.102  3.821 0.0000000000
47512  -40.269  39.381  3.373 0.0000000000
47516  -42.961  38.179  -0.451 0.0000000000
47517  -42.370  38.434  -0.013 0.0000000000
47518  -43.177  38.112  0.152 0.0000000000
47519  -43.358  37.986  0.730 0.0000000000
47520  -43.943  37.772  0.305 0.0000000000
47521  -44.661  37.419  0.440 0.0000000000
47522  -44.524  37.560  -0.123 0.0000000000
47523  -47.660  36.075  -2.925 0.0000000000
47524  -47.890  35.992  -2.372 0.0000000000
47525  -48.378  35.707  -2.825 0.0000000000
47526  -49.037  35.231  -2.750 0.0000000000
47527  -48.862  35.428  -3.284 0.0000000000
47528  -49.206  34.997  -3.694 0.0000000000
47529  -48.588  35.481  -3.768 0.0000000000
51207  -41.866  25.197  15.501 0.0000000000
51208  -42.594  24.757  15.679 0.0000000000
51209  -42.708  24.339  16.204 0.0000000000
51210  -43.367  24.392  15.913 0.0000000000
51211  -44.109  24.031  16.203 0.0000000000
51213  -47.938  25.558  13.925 0.0000000000
51214  -47.999  25.118  14.515 0.0000000000
51215  -48.644  25.250  14.319 0.0000000000
51216  -49.340  24.891  14.677 0.0000000000
51217  -49.281  25.355  14.090 0.0000000000
51221  -42.963  33.300  8.108 0.0000000000
51223  -42.877  32.916  8.629 0.0000000000
51224  -42.785  32.512  9.135 0.0000000000
51225  -43.490  32.487  8.778 0.0000000000
51226  -47.952  32.320  5.182 0.0000000000
51227  -47.338  32.510  5.600 0.0000000000
51228  -48.022  32.110  5.763 0.0000000000
51229  -48.511  29.808  9.096 0.0000000000
51230  -47.925  30.280  8.923 0.0000000000
51231  -47.857  29.848  9.420 0.0000000000
51232  -47.207  29.866  9.725 0.0000000000
51233  -47.840  29.355  9.883 0.0000000000
51234  -47.820  28.844  10.321 0.0000000000
51235  -48.459  28.838  10.059 0.0000000000
51236  -52.696  25.566  10.793 0.0000000000
51237  -52.180  25.824  11.247 0.0000000000
51238  -52.736  25.258  11.415 0.0000000000
51239  -52.777  24.955  12.050 0.0000000000
51240  -53.200  24.602  11.533 0.0000000000
51241  -53.527  23.881  11.639 0.0000000000
51242  -53.493  24.192  10.990 0.0000000000
51243  -52.342  22.399  7.569 0.0000000000
51244  -52.473  22.084  8.077 0.0000000000
51245  -51.796  21.953  7.818 0.0000000000
51246  -51.212  21.556  8.132 0.0000000000
51247  -51.091  21.866  7.657 0.0000000000
51248  -50.098  25.126  4.030 0.0000000000
51249  -50.374  24.818  4.521 0.0000000000
51250  -49.628  24.794  4.572 0.0000000000
51251  -46.286  22.304  7.296 0.0000000000
51252  -46.993  22.383  7.169 0.0000000000
51253  -46.553  21.864  7.409 0.0000000000
51254  -46.796  21.433  7.499 0.0000000000
51255  -46.126  21.310  7.598 0.0000000000
51256  -45.736  20.732  7.732 0.0000000000
51257  -45.488  21.211  7.728 0.0000000000
55290  -53.647  19.530  18.355 0.0000000000
55302  -53.304  20.088  13.660 0.0000000000
55304  -53.288  20.433  13.154 0.0000000000
55313  -50.329  32.993  -0.535 0.0000000000
55314  -50.288  32.656  0.041 0.0000000000
55315  -50.700  32.197  -0.440 0.0000000000
55316  -51.346  30.040  -0.735 0.0000000000
55317  -51.311  30.582  -0.293 0.0000000000
55318  -51.454  29.791  -0.190 0.0000000000
55319  -51.544  29.573  0.371 0.0000000000
55320  -51.438  29.039  -0.029 0.0000000000
55321  -51.292  28.380  0.216 0.0000000000
55322  -51.111  28.553  -0.320 0.0000000000
55324  -49.818  28.010  -0.552 0.0000000000
57099  -47.107  19.330  19.547 0.0000000000
57103  -48.002  20.990  18.338 0.0000000000
57104  -47.364  21.372  18.047 0.0000000000
57111  -38.713  41.597  3.924 0.0000000000
57126  -46.004  36.627  -3.249 0.0000000000
57128  -46.265  36.424  -4.128 0.0000000000
57129  -45.343  36.661  -4.367 0.0000000000
60813  -45.018  27.049  12.730 0.0000000000
60814  -45.060  26.515  13.168 0.0000000000
60815  -45.745  26.599  12.958 0.0000000000
60816  -46.465  26.211  13.254 0.0000000000
60817  -46.377  26.667  12.700 0.0000000000
60818  -41.220  36.709  5.710 0.0000000000
60825  -43.751  33.962  6.664 0.0000000000
60826  -50.371  30.545  5.672 0.0000000000
60827  -49.862  30.777  6.136 0.0000000000
60828  -50.385  30.317  6.237 0.0000000000
60829  -50.898  29.182  7.472 0.0000000000
60830  -50.351  29.741  7.344 0.0000000000
60831  -50.348  29.394  7.942 0.0000000000
60832  -49.770  29.575  8.356 0.0000000000
60833  -50.366  29.003  8.550 0.0000000000
60834  -50.373  28.588  9.077 0.0000000000
60835  -50.953  28.431  8.679 0.0000000000
60836  -52.516  26.833  8.342 0.0000000000
60837  -52.052  27.204  8.872 0.0000000000
60838  -52.592  26.487  8.960 0.0000000000
60839  -52.618  26.138  9.573 0.0000000000
60840  -53.067  25.745  9.027 0.0000000000
60841  -53.429  25.028  9.092 0.0000000000
60842  -53.335  25.368  8.465 0.0000000000
60843  -53.248  24.906  6.859 0.0000000000
60844  -53.450  24.524  7.441 0.0000000000
60845  -53.230  24.186  6.964 0.0000000000
60846  -53.056  23.478  7.145 0.0000000000
60847  -52.807  23.855  6.647 0.0000000000
68018  -45.751  35.145  2.651 0.0000000000
68019  -45.723  34.806  3.182 0.0000000000
68020  -46.307  34.590  2.853 0.0000000000
68021  -47.915  33.219  2.800 0.0000000000
68022  -47.339  33.482  3.209 0.0000000000
68023  -47.869  32.944  3.379 0.0000000000
68024  -47.872  32.677  3.977 0.0000000000
68025  -48.434  32.443  3.558 0.0000000000
68026  -50.147  31.998  1.144 0.0000000000
68027  -49.626  32.377  1.598 0.0000000000
68028  -50.129  31.730  1.715 0.0000000000
68029  -50.695  30.785  2.942 0.0000000000
68030  -50.158  31.317  2.862 0.0000000000
68031  -50.164  31.172  3.408 0.0000000000
68032  -49.622  31.537  3.866 0.0000000000
68033  -50.196  31.017  3.971 0.0000000000
68034  -50.236  30.887  4.558 0.0000000000
68035  -50.734  30.503  4.065 0.0000000000
68036  -52.010  28.818  3.669 0.0000000000
68037  -51.709  29.348  4.189 0.0000000000
68038  -52.078  28.681  4.214 0.0000000000
68039  -52.152  28.562  4.779 0.0000000000
68040  -52.342  28.021  4.273 0.0000000000
68041  -52.515  27.356  4.346 0.0000000000
68042  -52.366  27.499  3.812 0.0000000000
68043  -51.617  26.749  2.654 0.0000000000
68044  -51.846  26.620  3.096 0.0000000000
68045  -51.296  26.293  2.904 0.0000000000
68046  -50.917  25.867  3.205 0.0000000000
68048  -50.659  27.279  0.892 0.0000000000
68049  -50.889  27.118  1.349 0.0000000000
68050  -50.201  26.837  1.266 0.0000000000
68051  -48.489  26.207  1.996 0.0000000000
68052  -49.272  26.274  1.989 0.0000000000
73380  -49.119  19.148  19.842 0.0000000000
73381  -49.670  18.730  20.198 0.0000000000
73382  -49.778  19.281  19.785 0.0000000000
73383  -51.143  20.064  19.287 0.0000000000
73384  -51.099  19.552  19.685 0.0000000000
73385  -51.730  19.652  19.593 0.0000000000
73386  -52.242  19.163  19.792 0.0000000000
73387  -52.343  19.729  19.421 0.0000000000
73388  -52.848  19.688  19.144 0.0000000000
73389  -52.384  20.218  18.979 0.0000000000
73390  -51.873  21.630  17.836 0.0000000000
73391  -52.457  21.185  18.085 0.0000000000
73392  -52.399  21.631  17.604 0.0000000000
73393  -52.895  21.597  17.332 0.0000000000
73394  -52.344  22.089  17.110 0.0000000000
73398  -38.714  39.844  8.033 0.0000000000
73399  -38.543  39.418  8.494 0.0000000000
73400  -38.682  39.248  7.923 0.0000000000
73401  -38.732  38.633  7.785 0.0000000000
73402  -38.868  39.053  7.295 0.0000000000
73403  -38.804  41.564  6.087 0.0000000000
73405  -38.866  40.905  5.956 0.0000000000
73406  -39.450  39.282  5.189 0.0000000000
73407  -39.174  39.586  5.752 0.0000000000
73408  -39.466  38.994  5.635 0.0000000000
73409  -39.471  38.641  6.097 0.0000000000
73410  -39.832  38.408  5.564 0.0000000000
73411  -40.270  37.862  5.542 0.0000000000
73412  -40.307  38.172  5.100 0.0000000000
73413  -41.437  38.026  3.834 0.0000000000
73414  -41.397  37.689  4.272 0.0000000000
73415  -41.992  37.524  3.879 0.0000000000
73416  -42.507  36.973  3.956 0.0000000000
73417  -42.563  37.342  3.499 0.0000000000
73434  -41.308  38.862  2.488 0.0000000000
73435  -41.798  38.665  2.053 0.0000000000
73436  -43.629  37.601  1.818 0.0000000000
73437  -43.090  37.796  2.248 0.0000000000
73438  -43.670  37.302  2.273 0.0000000000
73439  -43.682  36.976  2.725 0.0000000000
73440  -44.241  36.780  2.322 0.0000000000
73441  -44.762  36.248  2.389 0.0000000000
73442  -44.778  36.594  1.938 0.0000000000
73443  -45.937  36.516  0.703 0.0000000000
73444  -45.938  36.195  1.192 0.0000000000
73445  -46.547  35.990  0.833 0.0000000000
73446  -47.129  35.453  0.971 0.0000000000
73447  -47.160  35.786  0.471 0.0000000000
73448  -45.492  37.165  -1.431 0.0000000000
73449  -45.694  37.081  -0.896 0.0000000000
73450  -46.252  36.838  -1.233 0.0000000000
73451  -48.250  35.760  -1.344 0.0000000000
73452  -47.702  36.018  -0.926 0.0000000000
73453  -48.345  35.540  -0.818 0.0000000000
73454  -48.375  35.286  -0.305 0.0000000000
73455  -48.914  34.974  -0.725 0.0000000000
73456  -49.453  34.390  -0.693 0.0000000000
73457  -49.407  34.628  -1.180 0.0000000000
73458  -50.090  33.966  -2.644 0.0000000000
73459  -50.200  33.745  -2.108 0.0000000000
73460  -50.464  33.220  -2.583 0.0000000000
73461  -50.745  32.462  -2.487 0.0000000000
73462  -50.609  32.667  -3.022 0.0000000000
73464  -50.437  32.946  -3.475 0.0000000000
73465  -49.778  34.124  -4.508 0.0000000000
73466  -50.100  33.426  -4.395 0.0000000000
73467  -49.903  33.603  -4.847 0.0000000000
73468  -49.949  33.071  -5.121 0.0000000000
73469  -49.778  33.753  -5.324 0.0000000000
73471  -48.026  35.653  -4.710 0.0000000000
84512  -44.468  22.603  17.512 0.0000000000
84513  -45.621  23.286  16.729 0.0000000000
84514  -45.733  22.777  17.123 0.0000000000
84515  -46.372  22.884  16.956 0.0000000000
84516  -47.154  22.485  17.205 0.0000000000
84517  -47.023  22.991  16.826 0.0000000000
84518  -45.269  25.059  14.729 0.0000000000
84519  -45.333  24.632  15.276 0.0000000000
84520  -45.983  24.754  15.081 0.0000000000
84521  -48.132  24.222  15.623 0.0000000000
84522  -47.482  24.113  15.796 0.0000000000
84523  -48.217  23.725  16.129 0.0000000000
84524  -48.335  23.205  16.593 0.0000000000
84525  -48.987  23.308  16.451 0.0000000000
84526  -49.746  22.918  16.796 0.0000000000
84527  -49.633  23.419  16.294 0.0000000000
84528  -50.731  24.146  15.374 0.0000000000
84529  -50.817  23.629  15.916 0.0000000000
84530  -51.396  23.658  15.716 0.0000000000
84531  -52.048  23.109  16.027 0.0000000000
84532  -51.929  23.640  15.454 0.0000000000
84551  -42.641  31.658  10.108 0.0000000000
84554  -42.558  30.696  11.045 0.0000000000
84556  -45.631  34.137  4.319 0.0000000000
84557  -45.099  34.325  4.703 0.0000000000
84558  -45.616  33.807  4.936 0.0000000000
84559  -46.151  32.773  6.381 0.0000000000
84560  -45.564  33.220  6.168 0.0000000000
84561  -45.542  32.907  6.764 0.0000000000
84562  -44.957  33.060  7.122 0.0000000000
84563  -45.564  32.610  7.293 0.0000000000
84564  -48.715  31.145  6.999 0.0000000000
84565  -48.125  31.544  6.869 0.0000000000
84566  -48.085  31.254  7.384 0.0000000000
84567  -46.751  31.154  8.620 0.0000000000
84568  -46.813  31.457  8.128 0.0000000000
84569  -46.146  31.553  8.443 0.0000000000
84570  -45.525  31.956  8.248 0.0000000000
84571  -45.463  31.639  8.759 0.0000000000
84572  -44.810  31.705  9.092 0.0000000000
84573  -45.387  31.301  9.274 0.0000000000
84574  -45.876  29.868  10.350 0.0000000000
84575  -45.238  30.360  10.241 0.0000000000
84576  -45.187  29.838  10.664 0.0000000000
84577  -44.534  29.808  11.002 0.0000000000
84578  -45.120  29.320  11.103 0.0000000000
84579  -45.048  28.730  11.517 0.0000000000
84580  -45.769  28.811  11.200 0.0000000000
84581  -47.757  27.806  11.236 0.0000000000
84582  -47.123  27.786  11.487 0.0000000000
84583  -47.800  27.333  11.716 0.0000000000
84584  -47.806  26.837  12.244 0.0000000000
84585  -48.474  26.920  12.000 0.0000000000
84586  -50.390  27.751  10.121 0.0000000000
84587  -49.759  27.845  10.440 0.0000000000
84588  -50.389  27.346  10.651 0.0000000000
84589  -51.021  26.140  12.004 0.0000000000
84590  -50.403  26.568  11.746 0.0000000000
84591  -50.408  26.174  12.318 0.0000000000
84592  -49.842  26.174  12.635 0.0000000000
84593  -50.477  25.827  12.925 0.0000000000
84594  -50.510  25.436  13.538 0.0000000000
84595  -51.095  25.417  13.226 0.0000000000
84596  -52.874  24.234  13.348 0.0000000000
84597  -52.360  24.437  13.778 0.0000000000
84598  -52.869  23.842  13.997 0.0000000000
84599  -52.900  23.393  14.632 0.0000000000
84600  -53.296  23.136  14.177 0.0000000000
84601  -53.631  22.410  14.330 0.0000000000
84602  -53.582  22.852  13.659 0.0000000000
84603  -53.749  22.477  11.821 0.0000000000
84604  -53.745  22.144  12.465 0.0000000000
84605  -53.630  21.829  11.879 0.0000000000
84606  -53.371  21.205  11.943 0.0000000000
84607  -53.414  21.487  11.327 0.0000000000
84608  -53.826  23.576  9.234 0.0000000000
84609  -53.787  23.302  9.857 0.0000000000
84610  -53.715  22.918  9.348 0.0000000000
84611  -52.555  21.574  9.230 0.0000000000
84612  -53.076  21.790  9.600 0.0000000000
84613  -52.571  21.330  9.803 0.0000000000
84614  -52.550  21.063  10.390 0.0000000000
84615  -51.993  20.905  10.047 0.0000000000
84616  -51.359  20.469  10.263 0.0000000000
84617  -51.323  20.735  9.703 0.0000000000
84618  -49.996  20.674  8.686 0.0000000000
84619  -50.056  20.404  9.175 0.0000000000
84620  -49.431  20.225  8.948 0.0000000000
84621  -48.845  19.780  9.161 0.0000000000
84622  -48.770  20.093  8.719 0.0000000000
84623  -52.448  26.047  4.623 0.0000000000
84624  -52.643  25.781  5.176 0.0000000000
84625  -52.251  25.400  4.858 0.0000000000
84626  -50.946  24.154  5.420 0.0000000000
84627  -51.620  24.257  5.492 0.0000000000
84628  -51.259  23.795  5.872 0.0000000000
84629  -51.582  23.432  6.265 0.0000000000
84630  -50.843  23.372  6.218 0.0000000000
84631  -47.962  24.112  5.785 0.0000000000
84633  -48.283  23.746  6.114 0.0000000000
84634  -48.431  22.487  6.978 0.0000000000
84635  -48.912  22.936  6.662 0.0000000000
84636  -49.168  22.516  6.913 0.0000000000
84637  -49.913  22.553  6.877 0.0000000000
84638  -49.410  22.114  7.182 0.0000000000
84639  -49.644  21.725  7.438 0.0000000000
84640  -48.930  21.648  7.409 0.0000000000
84641  -47.241  20.539  7.754 0.0000000000
84642  -47.927  20.660  7.817 0.0000000000
84643  -47.419  20.160  7.999 0.0000000000
84644  -47.555  19.772  8.328 0.0000000000
93078  -53.667  20.452  17.469 0.0000000000
93080  -53.888  20.275  16.948 0.0000000000
93082  -53.844  19.757  15.751 0.0000000000
93092  -50.968  31.982  -1.450 0.0000000000
93093  -51.026  31.690  -0.931 0.0000000000
93094  -51.191  31.114  -1.361 0.0000000000
93095  -51.258  30.309  -1.256 0.0000000000
93096  -51.120  29.515  -1.090 0.0000000000
93097  -50.887  28.819  -0.837 0.0000000000
93098  -50.653  29.116  -1.296 0.0000000000
96393  -44.313  27.558  12.562 0.0000000000
96394  -44.966  27.605  12.315 0.0000000000
96395  -42.379  36.336  4.901 0.0000000000
96397  -42.903  35.809  5.082 0.0000000000
96399  -43.957  34.742  5.463 0.0000000000
96400  -51.377  29.495  5.839 0.0000000000
96401  -50.885  29.806  6.312 0.0000000000
96402  -51.384  29.214  6.389 0.0000000000
96403  -51.428  28.914  7.009 0.0000000000
96404  -51.444  28.581  7.607 0.0000000000
96405  -51.471  28.189  8.193 0.0000000000
96406  -51.967  27.896  7.700 0.0000000000
96407  -52.447  27.182  7.757 0.0000000000
96408  -52.868  26.442  7.792 0.0000000000
96409  -53.203  25.699  7.859 0.0000000000
96410  -53.099  26.061  7.262 0.0000000000
96411  -53.152  25.651  6.766 0.0000000000
96412  -53.058  25.229  6.313 0.0000000000
100715  -46.969  34.761  1.929 0.0000000000
100716  -46.883  34.387  2.480 0.0000000000
100717  -47.471  34.141  2.096 0.0000000000
100718  -47.989  33.534  2.232 0.0000000000
100719  -48.481  32.955  2.377 0.0000000000
100720  -51.083  30.659  1.379 0.0000000000
100721  -50.636  31.111  1.856 0.0000000000
100722  -51.078  30.501  1.941 0.0000000000
100723  -51.089  30.348  2.476 0.0000000000
100724  -51.153  30.212  3.011 0.0000000000
100725  -51.194  30.079  3.579 0.0000000000
100726  -51.575  29.595  3.095 0.0000000000
100727  -51.925  28.948  3.158 0.0000000000
100728  -52.156  28.284  3.194 0.0000000000
100729  -52.249  27.647  3.283 0.0000000000
100730  -52.074  27.770  2.798 0.0000000000
100731  -51.838  27.265  2.449 0.0000000000
100732  -51.385  26.859  2.218 0.0000000000
100734  -49.443  26.722  1.239 0.0000000000
103931  -50.723  17.926  20.721 0.0000000000
103932  -49.259  20.221  19.030 0.0000000000
103933  -49.868  19.833  19.395 0.0000000000
103934  -49.939  20.356  19.005 0.0000000000
103935  -50.601  20.485  18.972 0.0000000000
103936  -51.204  20.593  18.852 0.0000000000
103937  -51.856  20.683  18.722 0.0000000000
103938  -51.270  21.094  18.434 0.0000000000
103939  -51.323  21.576  18.014 0.0000000000
103940  -51.248  22.035  17.550 0.0000000000
103945  -38.842  40.293  7.552 0.0000000000
103946  -38.861  40.964  4.932 0.0000000000
103947  -38.930  40.619  5.395 0.0000000000
103948  -39.136  40.280  4.844 0.0000000000
103949  -39.459  39.621  4.759 0.0000000000
103950  -39.860  39.011  4.687 0.0000000000
103951  -40.334  38.455  4.650 0.0000000000
103952  -40.355  38.750  4.215 0.0000000000
103953  -40.859  38.547  3.820 0.0000000000
103954  -41.427  38.364  3.426 0.0000000000
103963  -41.830  38.684  0.434 0.0000000000
103965  -42.307  38.442  1.616 0.0000000000
103966  -42.816  38.244  1.157 0.0000000000
103967  -43.534  37.855  1.297 0.0000000000
103968  -44.211  37.421  1.407 0.0000000000
103969  -44.755  36.939  1.491 0.0000000000
103970  -44.728  37.212  0.999 0.0000000000
103971  -45.314  37.002  0.580 0.0000000000
103972  -45.900  36.792  0.182 0.0000000000
103973  -46.606  36.654  -2.104 0.0000000000
103974  -46.806  36.590  -1.579 0.0000000000
103975  -47.375  36.284  -1.940 0.0000000000
103976  -48.105  35.861  -1.842 0.0000000000
103977  -48.768  35.385  -1.761 0.0000000000
103978  -49.337  34.854  -1.673 0.0000000000
103979  -49.211  35.043  -2.212 0.0000000000
103980  -49.616  34.629  -2.699 0.0000000000
103981  -49.913  34.168  -3.204 0.0000000000
103982  -50.156  33.710  -3.586 0.0000000000
103983  -49.735  34.388  -3.648 0.0000000000
103984  -49.527  34.569  -4.098 0.0000000000
103985  -49.285  34.748  -4.558 0.0000000000
110604  -41.167  25.617  15.393 0.0000000000
110605  -41.242  25.182  15.863 0.0000000000
110606  -41.333  24.756  16.332 0.0000000000
110608  -42.063  24.317  16.475 0.0000000000
110611  -44.350  23.087  17.134 0.0000000000
110612  -44.210  23.544  16.714 0.0000000000
110613  -44.857  23.661  16.485 0.0000000000
110614  -45.502  23.760  16.293 0.0000000000
110615  -46.594  25.282  14.349 0.0000000000
110616  -46.639  24.871  14.894 0.0000000000
110617  -47.363  24.967  14.722 0.0000000000
110618  -48.071  24.685  15.075 0.0000000000
110619  -48.802  24.341  15.458 0.0000000000
110620  -49.538  23.926  15.771 0.0000000000
110621  -49.434  24.429  15.247 0.0000000000
110622  -50.048  24.546  15.034 0.0000000000
110623  -50.615  24.630  14.812 0.0000000000
110635  -42.088  32.520  9.476 0.0000000000
110636  -42.700  32.100  9.628 0.0000000000
110637  -43.345  31.690  9.777 0.0000000000
110638  -46.725  33.128  4.777 0.0000000000
110639  -46.145  33.332  5.172 0.0000000000
110640  -46.712  32.907  5.394 0.0000000000
110641  -46.765  32.633  6.037 0.0000000000
110642  -46.780  32.358  6.561 0.0000000000
110643  -48.589  30.527  8.019 0.0000000000
110644  -48.031  30.953  7.864 0.0000000000
110645  -47.989  30.642  8.392 0.0000000000
110646  -47.351  30.720  8.743 0.0000000000
110647  -46.687  30.777  9.103 0.0000000000
110648  -46.022  30.815  9.440 0.0000000000
110649  -46.605  30.351  9.598 0.0000000000
110650  -46.545  29.872  10.049 0.0000000000
110651  -46.485  29.349  10.471 0.0000000000
110652  -46.447  28.827  10.889 0.0000000000
110653  -47.136  28.848  10.608 0.0000000000
110654  -47.773  28.323  10.785 0.0000000000
110655  -48.421  27.837  10.984 0.0000000000
110656  -51.582  26.667  10.487 0.0000000000
110657  -51.010  26.858  10.864 0.0000000000
110658  -51.583  26.352  11.058 0.0000000000
110659  -51.622  26.023  11.637 0.0000000000
110660  -51.655  25.700  12.272 0.0000000000
110661  -51.682  25.377  12.896 0.0000000000
110662  -52.265  25.194  12.496 0.0000000000
110663  -52.796  24.612  12.686 0.0000000000
110664  -53.227  23.966  12.834 0.0000000000
110665  -53.524  23.242  12.944 0.0000000000
110666  -53.497  23.592  12.289 0.0000000000
110667  -53.716  23.182  11.735 0.0000000000
110668  -53.745  22.768  11.155 0.0000000000
110669  -53.385  22.870  8.259 0.0000000000
110670  -53.446  22.606  8.863 0.0000000000
110671  -53.021  22.337  8.446 0.0000000000
110672  -52.523  21.853  8.665 0.0000000000
110673  -51.923  21.406  8.909 0.0000000000
110674  -51.275  21.007  9.165 0.0000000000
110675  -51.230  21.282  8.651 0.0000000000
110676  -50.576  21.135  8.421 0.0000000000
110677  -49.931  20.994  8.226 0.0000000000
110678  -51.489  25.377  4.148 0.0000000000
110679  -51.728  25.102  4.650 0.0000000000
110680  -51.115  24.905  4.512 0.0000000000
110681  -50.683  24.500  4.940 0.0000000000
110682  -50.224  24.124  5.430 0.0000000000
110683  -47.156  23.313  6.659 0.0000000000
110684  -47.874  23.353  6.542 0.0000000000
110685  -47.438  22.884  6.894 0.0000000000
110686  -47.695  22.446  7.079 0.0000000000
110687  -47.956  22.005  7.210 0.0000000000
110688  -48.214  21.567  7.399 0.0000000000
110689  -47.488  21.472  7.420 0.0000000000
110690  -47.028  20.938  7.586 0.0000000000
110691  -46.572  20.411  7.719 0.0000000000
110692  -46.132  19.896  7.848 0.0000000000
110693  -45.939  20.281  7.761 0.0000000000
110694  -45.316  20.185  7.873 0.0000000000
117342  -53.557  18.450  19.075 0.0000000000
117374  -49.369  33.745  0.414 0.0000000000
117375  -49.247  33.381  0.933 0.0000000000
117376  -49.809  33.042  0.510 0.0000000000
117377  -50.225  32.300  0.588 0.0000000000
117378  -50.635  31.542  0.660 0.0000000000
117379  -51.041  31.376  -0.366 0.0000000000
117380  -51.043  31.094  0.201 0.0000000000
117381  -51.056  30.858  0.774 0.0000000000
117382  -51.418  30.130  0.866 0.0000000000
117383  -51.632  29.382  0.967 0.0000000000
117384  -51.699  28.650  1.084 0.0000000000
117385  -51.637  28.026  1.256 0.0000000000
117386  -51.486  28.179  0.737 0.0000000000
117387  -51.029  27.788  0.532 0.0000000000
117388  -50.407  27.470  0.411 0.0000000000
117389  -50.552  28.221  -0.498 0.0000000000
117390  -50.125  27.713  -0.085 0.0000000000
119873  -48.887  18.088  20.561 0.0000000000
119874  -48.311  18.513  20.200 0.0000000000
119875  -48.419  19.029  19.858 0.0000000000
119876  -48.500  19.557  19.484 0.0000000000
119877  -47.166  19.833  19.158 0.0000000000
119878  -47.870  19.952  19.123 0.0000000000
119879  -48.576  20.077  19.067 0.0000000000
119880  -48.637  20.606  18.673 0.0000000000
119881  -48.684  21.132  18.273 0.0000000000
119882  -48.689  21.641  17.855 0.0000000000
119890  -38.732  41.642  5.025 0.0000000000
119891  -38.818  41.267  4.445 0.0000000000
119892  -38.956  40.893  3.853 0.0000000000
119893  -39.248  40.531  3.300 0.0000000000
119905  -44.325  37.675  -0.693 0.0000000000
119911  -45.735  36.939  -2.299 0.0000000000
119912  -46.309  36.659  -2.667 0.0000000000
119913  -46.868  36.417  -3.037 0.0000000000
119914  -47.401  36.111  -3.468 0.0000000000
119915  -47.888  35.854  -3.857 0.0000000000
119916  -47.101  36.192  -3.912 0.0000000000
119917  -46.785  36.229  -4.439 0.0000000000
125076  -45.107  26.016  13.667 0.0000000000
125077  -45.841  25.634  13.992 0.0000000000
125078  -46.532  25.746  13.801 0.0000000000
125079  -47.203  25.873  13.588 0.0000000000
125080  -47.874  25.975  13.353 0.0000000000
125090  -43.045  33.676  7.584 0.0000000000
125091  -43.623  33.238  7.766 0.0000000000
125092  -49.245  31.465  5.454 0.0000000000
125093  -48.702  31.670  5.900 0.0000000000
125094  -49.299  31.250  6.034 0.0000000000
125095  -49.294  30.999  6.567 0.0000000000
125096  -49.259  30.713  7.117 0.0000000000
125097  -50.359  30.071  6.780 0.0000000000
125098  -49.801  30.254  7.230 0.0000000000
125099  -49.209  30.410  7.646 0.0000000000
125100  -49.176  30.084  8.173 0.0000000000
125101  -49.154  29.736  8.745 0.0000000000
125102  -49.140  29.291  9.279 0.0000000000
125103  -49.134  28.832  9.781 0.0000000000
125104  -49.766  28.745  9.452 0.0000000000
125105  -50.371  28.174  9.597 0.0000000000
125106  -50.980  27.627  9.764 0.0000000000
125107  -51.483  27.812  8.758 0.0000000000
125108  -51.508  27.441  9.339 0.0000000000
125109  -51.545  27.035  9.905 0.0000000000
125110  -52.104  26.439  10.060 0.0000000000
125111  -52.645  25.827  10.175 0.0000000000
125112  -53.112  25.161  10.260 0.0000000000
125113  -53.468  24.466  10.343 0.0000000000
125114  -53.453  24.725  9.706 0.0000000000
125115  -53.692  24.295  9.141 0.0000000000
125116  -53.717  23.885  8.632 0.0000000000
125117  -53.458  24.944  7.940 0.0000000000
125118  -53.609  24.196  8.041 0.0000000000
125119  -53.600  23.485  8.112 0.0000000000
125120  -53.258  23.152  7.667 0.0000000000
125121  -52.784  22.908  7.365 0.0000000000
125122  -52.152  22.731  7.133 0.0000000000
125124  -48.890  24.789  4.677 0.0000000000
125125  -48.165  24.779  4.831 0.0000000000
125126  -47.707  24.450  5.391 0.0000000000
125127  -47.252  24.111  5.927 0.0000000000
125130  -46.845  23.719  6.420 0.0000000000
125131  -46.474  23.271  6.806 0.0000000000
125132  -46.047  22.770  7.131 0.0000000000
125133  -45.611  22.260  7.437 0.0000000000
134540  -44.653  35.579  3.402 0.0000000000
134541  -44.623  35.239  3.925 0.0000000000
134542  -45.166  35.060  3.540 0.0000000000
134543  -45.649  34.487  3.733 0.0000000000
134544  -46.196  33.927  3.952 0.0000000000
134545  -46.824  34.048  3.035 0.0000000000
134546  -46.784  33.712  3.590 0.0000000000
134547  -46.748  33.405  4.163 0.0000000000
134548  -47.318  32.918  4.379 0.0000000000
134549  -47.907  32.484  4.597 0.0000000000
134550  -48.527  32.095  4.766 0.0000000000
134551  -49.145  33.026  1.472 0.0000000000
134552  -49.072  32.698  2.007 0.0000000000
134553  -48.992  32.401  2.537 0.0000000000
134554  -50.109  31.503  2.287 0.0000000000
134555  -49.557  31.861  2.708 0.0000000000
134556  -48.997  32.168  3.123 0.0000000000
134557  -49.027  31.984  3.720 0.0000000000
134558  -49.085  31.828  4.294 0.0000000000
134559  -49.186  31.662  4.880 0.0000000000
134560  -49.754  31.199  5.009 0.0000000000
134561  -50.314  30.745  5.099 0.0000000000
134562  -50.834  30.239  5.202 0.0000000000
134563  -51.246  29.965  4.150 0.0000000000
134564  -51.302  29.869  4.711 0.0000000000
134565  -51.346  29.685  5.287 0.0000000000
134566  -51.827  29.077  5.347 0.0000000000
134567  -52.224  28.379  5.376 0.0000000000
134568  -52.508  27.671  5.402 0.0000000000
134569  -52.699  26.952  5.458 0.0000000000
134570  -52.593  27.211  4.881 0.0000000000
134571  -52.548  26.711  4.463 0.0000000000
134572  -52.310  26.265  4.117 0.0000000000
134573  -52.225  27.010  3.385 0.0000000000
134574  -52.087  26.439  3.597 0.0000000000
134575  -51.829  25.893  3.852 0.0000000000
134576  -51.216  25.641  3.666 0.0000000000
134577  -50.522  25.478  3.574 0.0000000000
134578  -49.794  25.390  3.575 0.0000000000
134579  -51.459  27.491  1.501 0.0000000000
134580  -51.157  26.974  1.779 0.0000000000
134581  -50.804  26.570  2.088 0.0000000000
134582  -49.740  26.536  1.624 0.0000000000
134583  -50.045  26.368  2.004 0.0000000000
134584  -50.352  26.205  2.385 0.0000000000
141207  -49.559  18.201  20.553 0.0000000000
141208  -50.215  18.336  20.487 0.0000000000
141209  -50.880  18.482  20.424 0.0000000000
141210  -50.456  19.443  19.744 0.0000000000
141211  -51.018  19.001  20.072 0.0000000000
141212  -51.531  18.532  20.321 0.0000000000
141214  -52.671  18.606  19.858 0.0000000000
141215  -53.139  18.569  19.506 0.0000000000
141216  -53.247  19.088  19.197 0.0000000000
141217  -53.316  19.614  18.820 0.0000000000
141218  -53.342  20.132  18.373 0.0000000000
141219  -52.446  20.717  18.542 0.0000000000
141220  -52.944  20.687  18.275 0.0000000000
141221  -53.371  20.609  17.925 0.0000000000
141222  -53.346  21.054  17.444 0.0000000000
141223  -53.275  21.472  16.953 0.0000000000
141224  -53.236  21.889  16.460 0.0000000000
141238  -38.889  40.078  6.944 0.0000000000
141239  -38.970  40.218  5.872 0.0000000000
141240  -38.968  39.839  6.346 0.0000000000
141241  -38.968  39.458  6.818 0.0000000000
141242  -39.137  38.857  6.686 0.0000000000
141243  -39.392  38.248  6.588 0.0000000000
141244  -39.722  37.640  6.559 0.0000000000
141245  -40.189  37.452  6.068 0.0000000000
141246  -40.703  37.270  5.609 0.0000000000
141247  -41.295  37.039  5.188 0.0000000000
141248  -40.843  37.924  4.667 0.0000000000
141249  -41.361  37.365  4.711 0.0000000000
141250  -41.861  36.842  4.784 0.0000000000
141251  -42.443  36.624  4.395 0.0000000000
141252  -43.023  36.445  4.033 0.0000000000
141253  -43.591  36.277  3.639 0.0000000000
141271  -40.144  39.621  2.859 0.0000000000
141272  -40.764  39.124  2.928 0.0000000000
141273  -41.390  38.657  2.985 0.0000000000
141274  -41.996  38.198  3.028 0.0000000000
141275  -42.469  38.238  2.162 0.0000000000
141276  -42.554  37.998  2.626 0.0000000000
141277  -42.587  37.700  3.054 0.0000000000
141278  -43.134  37.153  3.105 0.0000000000
141279  -43.654  36.630  3.172 0.0000000000
141280  -44.160  36.102  3.272 0.0000000000
141281  -44.725  35.894  2.874 0.0000000000
141282  -45.253  35.703  2.493 0.0000000000
141283  -45.831  35.496  2.153 0.0000000000
141284  -45.332  36.403  1.576 0.0000000000
141285  -45.908  35.851  1.679 0.0000000000
141286  -46.448  35.311  1.804 0.0000000000
141287  -47.063  35.106  1.449 0.0000000000
141288  -47.674  34.916  1.066 0.0000000000
141289  -48.280  34.659  0.692 0.0000000000
141290  -45.109  37.336  -0.551 0.0000000000
141291  -45.833  36.976  -0.348 0.0000000000
141292  -46.501  36.550  -0.206 0.0000000000
141293  -46.993  36.444  -1.059 0.0000000000
141294  -47.121  36.280  -0.564 0.0000000000
141295  -47.147  36.073  -0.055 0.0000000000
141296  -47.774  35.555  0.097 0.0000000000
141297  -48.353  35.013  0.197 0.0000000000
141298  -48.900  34.396  0.309 0.0000000000
141299  -49.430  34.094  -0.162 0.0000000000
141300  -49.922  33.722  -0.623 0.0000000000
141301  -50.351  33.288  -1.069 0.0000000000
141302  -49.836  34.230  -1.637 0.0000000000
141303  -50.306  33.542  -1.593 0.0000000000
141304  -50.675  32.788  -1.528 0.0000000000
141305  -50.887  32.243  -1.968 0.0000000000
141306  -50.907  31.663  -2.366 0.0000000000
141312  -50.266  33.206  -3.917 0.0000000000
141313  -50.232  32.689  -4.192 0.0000000000
141318  -48.318  35.565  -4.249 0.0000000000
141319  -48.696  35.248  -4.620 0.0000000000
141320  -49.069  34.882  -5.026 0.0000000000
154661  -45.957  21.756  17.906 0.0000000000
154662  -45.115  22.682  17.310 0.0000000000
154663  -45.865  22.265  17.527 0.0000000000
154664  -46.627  21.847  17.744 0.0000000000
154665  -47.296  21.928  17.619 0.0000000000
154666  -47.920  22.048  17.510 0.0000000000
154667  -48.579  22.176  17.437 0.0000000000
154668  -44.660  24.521  15.469 0.0000000000
154669  -45.393  24.202  15.799 0.0000000000
154670  -46.158  23.863  16.109 0.0000000000
154671  -46.717  24.459  15.438 0.0000000000
154672  -46.813  23.993  15.957 0.0000000000
154673  -46.916  23.503  16.419 0.0000000000
154674  -47.670  23.094  16.717 0.0000000000
154675  -48.470  22.694  17.014 0.0000000000
154676  -49.239  22.292  17.384 0.0000000000
154677  -49.877  22.403  17.300 0.0000000000
154678  -50.503  22.489  17.175 0.0000000000
154679  -51.084  22.554  17.015 0.0000000000
154680  -50.231  23.511  16.106 0.0000000000
154681  -50.944  23.055  16.465 0.0000000000
154682  -51.669  22.578  16.812 0.0000000000
154683  -52.203  22.593  16.580 0.0000000000
154684  -52.676  22.526  16.271 0.0000000000
154685  -53.089  22.400  15.885 0.0000000000
154710  -41.905  30.626  11.387 0.0000000000
154711  -42.506  30.144  11.495 0.0000000000
154712  -43.104  29.673  11.627 0.0000000000
154713  -44.582  34.871  4.491 0.0000000000
154715  -44.486  34.181  5.701 0.0000000000
154716  -45.598  33.508  5.564 0.0000000000
154717  -45.018  33.698  5.929 0.0000000000
154718  -44.402  33.844  6.305 0.0000000000
154719  -44.374  33.493  6.895 0.0000000000
154720  -44.330  33.144  7.448 0.0000000000
154721  -44.251  32.816  7.951 0.0000000000
154722  -48.090  31.821  6.332 0.0000000000
154723  -47.439  31.953  6.720 0.0000000000
154724  -46.800  32.061  7.088 0.0000000000
154725  -47.443  31.334  7.772 0.0000000000
154726  -46.804  31.761  7.622 0.0000000000
154727  -46.192  32.163  7.441 0.0000000000
154728  -45.569  32.279  7.765 0.0000000000
154729  -44.889  32.387  8.101 0.0000000000
154730  -44.196  32.457  8.442 0.0000000000
154731  -44.162  32.087  8.922 0.0000000000
154732  -44.095  31.699  9.441 0.0000000000
154733  -44.008  31.288  9.916 0.0000000000
154734  -45.315  30.860  9.770 0.0000000000
154735  -44.625  30.857  10.059 0.0000000000
154736  -43.943  30.822  10.364 0.0000000000
154737  -43.886  30.327  10.823 0.0000000000
154738  -43.798  29.772  11.300 0.0000000000
154739  -43.727  29.199  11.708 0.0000000000
154740  -44.362  28.667  11.824 0.0000000000
154741  -44.985  28.155  11.922 0.0000000000
154742  -45.679  27.655  12.033 0.0000000000
154743  -46.441  28.285  11.318 0.0000000000
154744  -46.414  27.722  11.726 0.0000000000
154745  -46.386  27.186  12.207 0.0000000000
154746  -47.095  26.765  12.466 0.0000000000
154747  -47.825  26.392  12.787 0.0000000000
154748  -48.558  26.079  13.095 0.0000000000
154749  -49.086  28.327  10.251 0.0000000000
154750  -49.092  27.863  10.708 0.0000000000
154751  -49.116  27.426  11.204 0.0000000000
154752  -50.388  26.968  11.195 0.0000000000
154753  -49.772  26.992  11.478 0.0000000000
154754  -49.145  26.974  11.742 0.0000000000
154755  -49.180  26.555  12.302 0.0000000000
154756  -49.191  26.157  12.869 0.0000000000
154757  -49.218  25.772  13.471 0.0000000000
154758  -49.891  25.416  13.821 0.0000000000
154759  -50.567  25.023  14.183 0.0000000000
154760  -51.236  24.607  14.504 0.0000000000
154761  -51.744  24.956  13.516 0.0000000000
154762  -51.820  24.566  14.160 0.0000000000
154763  -51.857  24.132  14.794 0.0000000000
154764  -52.432  23.568  15.052 0.0000000000
154765  -52.979  22.930  15.254 0.0000000000
154766  -53.464  22.201  15.462 0.0000000000
154767  -53.670  21.935  14.945 0.0000000000
154768  -53.789  21.664  14.359 0.0000000000
154769  -53.801  21.355  13.755 0.0000000000
154770  -53.741  22.497  13.057 0.0000000000
154771  -53.747  21.760  13.109 0.0000000000
154772  -53.594  21.060  13.129 0.0000000000
154773  -53.340  20.814  12.542 0.0000000000
154774  -52.967  20.621  12.033 0.0000000000
154776  -53.731  23.746  10.412 0.0000000000
154777  -53.780  23.033  10.501 0.0000000000
154778  -53.671  22.377  10.588 0.0000000000
154779  -53.466  22.314  9.456 0.0000000000
154780  -53.465  22.061  10.058 0.0000000000
154781  -53.420  21.787  10.698 0.0000000000
154782  -53.042  21.260  10.825 0.0000000000
154783  -52.527  20.774  10.974 0.0000000000
154784  -51.896  20.321  11.172 0.0000000000
154785  -51.305  20.164  10.795 0.0000000000
154786  -50.701  20.005  10.463 0.0000000000
154788  -50.667  20.577  9.429 0.0000000000
154789  -50.072  20.147  9.659 0.0000000000
154794  -52.814  26.238  5.593 0.0000000000
154795  -52.841  25.524  5.757 0.0000000000
154796  -52.768  24.826  5.940 0.0000000000
154797  -51.983  24.795  5.180 0.0000000000
154798  -52.269  24.494  5.675 0.0000000000
154799  -52.561  24.175  6.144 0.0000000000
154800  -52.268  23.602  6.412 0.0000000000
154801  -51.869  23.096  6.690 0.0000000000
154802  -51.408  22.622  6.964 0.0000000000
154803  -49.173  24.448  5.108 0.0000000000
154806  -48.618  23.354  6.407 0.0000000000
154807  -49.378  23.368  6.303 0.0000000000
154808  -50.115  23.358  6.233 0.0000000000
154809  -50.389  22.964  6.552 0.0000000000
154810  -50.661  22.588  6.878 0.0000000000
154811  -50.904  22.191  7.240 0.0000000000
154812  -50.369  21.805  7.527 0.0000000000
154813  -49.812  21.349  7.808 0.0000000000
154814  -49.276  20.860  8.062 0.0000000000
154815  -48.436  21.146  7.625 0.0000000000
154816  -48.586  20.753  7.913 0.0000000000
154817  -48.696  20.410  8.282 0.0000000000
