#!ascii label  , from subject fsaverage_sym vox2ras=TkReg
1504
45  -38.016  -27.079  47.884 0.0000000000
47  -21.671  -29.465  52.232 0.0000000000
168  -29.627  -29.241  49.193 0.0000000000
225  -45.599  -9.164  26.259 0.0000000000
226  -51.380  -8.423  20.990 0.0000000000
378  -15.121  -28.285  57.961 0.0000000000
704  -42.461  -10.708  29.646 0.0000000000
852  -39.642  -24.231  45.802 0.0000000000
860  -33.979  -28.907  48.610 0.0000000000
869  -18.191  -28.740  54.700 0.0000000000
870  -17.501  -32.909  58.026 0.0000000000
1447  -34.179  -25.984  45.676 0.0000000000
1448  -34.951  -24.149  44.009 0.0000000000
1452  -25.655  -28.913  50.372 0.0000000000
1454  -30.970  -25.829  47.677 0.0000000000
1551  -39.654  -18.982  32.918 0.0000000000
1553  -42.922  -16.471  30.444 0.0000000000
1554  -46.271  -14.219  28.299 0.0000000000
1577  -10.227  -33.548  61.748 0.0000000000
1578  -7.395  -34.433  65.531 0.0000000000
1818  -34.303  -22.174  41.941 0.0000000000
1819  -34.857  -20.838  38.924 0.0000000000
1820  -36.909  -20.416  35.560 0.0000000000
1841  -13.552  -33.407  59.357 0.0000000000
2777  -21.506  -31.376  54.327 0.0000000000
2779  -23.601  -30.873  53.480 0.0000000000
2780  -36.132  -28.157  48.366 0.0000000000
2787  -21.144  -26.417  53.277 0.0000000000
2789  -19.860  -29.142  53.349 0.0000000000
2790  -19.456  -31.349  54.840 0.0000000000
3370  -34.149  -24.361  47.870 0.0000000000
3383  -32.669  -26.007  46.676 0.0000000000
3543  -39.066  -16.036  32.074 0.0000000000
3544  -41.282  -17.737  31.636 0.0000000000
3545  -40.501  -14.874  30.709 0.0000000000
3547  -43.658  -12.667  28.059 0.0000000000
3548  -45.364  -11.870  26.668 0.0000000000
3549  -47.996  -13.281  27.252 0.0000000000
3550  -47.101  -11.298  25.344 0.0000000000
3551  -48.674  -11.020  24.219 0.0000000000
3993  -33.412  -21.654  44.991 0.0000000000
3994  -34.601  -23.154  43.030 0.0000000000
3995  -32.530  -20.785  43.467 0.0000000000
3997  -32.744  -18.948  39.502 0.0000000000
3998  -33.812  -18.433  37.518 0.0000000000
3999  -35.740  -20.646  37.197 0.0000000000
4000  -35.108  -18.022  35.906 0.0000000000
4001  -36.518  -17.694  34.526 0.0000000000
4015  -27.603  -29.062  49.710 0.0000000000
4045  -12.328  -30.870  59.562 0.0000000000
4046  -13.832  -30.920  57.983 0.0000000000
4645  -6.796  -37.031  66.991 0.0000000000
4647  -4.690  -37.139  68.494 0.0000000000
5872  -41.075  -11.797  31.270 0.0000000000
6140  -39.766  -22.677  45.016 0.0000000000
6154  -31.850  -29.274  48.945 0.0000000000
6171  -16.570  -28.435  56.219 0.0000000000
6172  -15.602  -31.032  56.696 0.0000000000
6173  -17.482  -31.232  55.619 0.0000000000
6466  -52.964  -8.412  19.795 0.0000000000
7213  -35.978  -27.146  46.098 0.0000000000
7214  -36.802  -26.093  45.009 0.0000000000
7215  -34.910  -25.213  44.907 0.0000000000
7223  -22.440  -26.904  51.641 0.0000000000
7224  -23.671  -29.129  51.091 0.0000000000
7225  -24.297  -26.711  50.281 0.0000000000
7226  -26.182  -26.843  49.239 0.0000000000
7227  -28.009  -27.282  48.302 0.0000000000
7229  -29.269  -25.393  48.835 0.0000000000
7230  -29.991  -27.683  47.555 0.0000000000
7231  -32.023  -27.913  47.007 0.0000000000
7232  -34.069  -27.758  46.624 0.0000000000
7455  -40.997  -20.902  35.201 0.0000000000
7460  -42.070  -13.653  29.380 0.0000000000
7461  -44.543  -15.308  29.353 0.0000000000
7468  -50.282  -10.803  23.223 0.0000000000
7519  -8.739  -34.036  63.550 0.0000000000
7520  -8.552  -36.659  65.428 0.0000000000
8082  -37.291  -24.747  43.933 0.0000000000
8083  -37.373  -23.320  43.126 0.0000000000
8084  -37.287  -21.974  42.528 0.0000000000
8085  -32.239  -19.743  41.613 0.0000000000
8086  -34.359  -21.313  40.561 0.0000000000
8087  -37.478  -21.062  41.477 0.0000000000
8088  -38.001  -21.007  40.016 0.0000000000
8089  -38.715  -21.424  38.362 0.0000000000
8090  -39.704  -21.467  36.665 0.0000000000
8091  -38.308  -19.910  34.170 0.0000000000
8092  -37.878  -17.037  33.245 0.0000000000
8110  -25.578  -30.312  52.936 0.0000000000
8147  -11.057  -30.878  61.451 0.0000000000
8148  -11.761  -33.523  60.432 0.0000000000
8150  -15.513  -33.169  58.577 0.0000000000
8900  -3.112  -37.450  67.801 0.0000000000
10457  -21.520  -30.580  53.113 0.0000000000
10458  -22.539  -31.130  53.874 0.0000000000
10459  -22.579  -30.396  52.591 0.0000000000
10460  -37.134  -27.657  48.198 0.0000000000
10467  -21.191  -27.935  52.345 0.0000000000
10468  -20.404  -27.724  53.124 0.0000000000
10469  -20.754  -29.272  52.706 0.0000000000
10470  -20.543  -30.441  53.434 0.0000000000
11223  -39.246  -14.493  32.223 0.0000000000
11224  -39.812  -15.458  31.374 0.0000000000
11225  -39.904  -13.903  31.487 0.0000000000
11226  -44.790  -9.447  27.123 0.0000000000
11227  -44.447  -10.811  27.032 0.0000000000
11228  -45.296  -10.503  26.289 0.0000000000
11229  -46.232  -11.536  25.984 0.0000000000
11230  -46.138  -10.237  25.528 0.0000000000
11231  -46.867  -10.057  24.906 0.0000000000
11674  -32.918  -21.215  44.304 0.0000000000
11677  -33.525  -17.139  38.340 0.0000000000
11679  -34.431  -18.229  36.690 0.0000000000
11680  -34.826  -16.727  36.633 0.0000000000
11681  -35.532  -16.573  35.901 0.0000000000
11695  -28.595  -29.157  49.449 0.0000000000
11696  -28.576  -29.796  50.752 0.0000000000
11697  -29.602  -29.839  50.534 0.0000000000
11725  -13.653  -29.549  58.702 0.0000000000
11726  -14.391  -29.578  57.835 0.0000000000
12213  -51.560  -9.633  21.458 0.0000000000
12326  -5.767  -37.107  67.876 0.0000000000
14068  -40.355  -24.679  47.335 0.0000000000
14072  -39.764  -23.426  45.369 0.0000000000
14095  -32.843  -29.111  48.660 0.0000000000
14097  -34.065  -29.329  49.935 0.0000000000
14120  -18.906  -27.417  54.741 0.0000000000
14122  -18.166  -27.271  55.569 0.0000000000
14123  -17.427  -27.173  56.453 0.0000000000
14124  -17.363  -28.563  55.434 0.0000000000
14125  -16.839  -29.834  55.605 0.0000000000
14126  -17.725  -29.997  54.984 0.0000000000
14127  -20.496  -32.032  55.959 0.0000000000
14128  -19.477  -32.150  56.109 0.0000000000
15865  -34.970  -26.748  45.611 0.0000000000
15866  -35.420  -26.322  45.195 0.0000000000
15867  -34.607  -25.551  45.415 0.0000000000
15887  -23.105  -25.739  51.899 0.0000000000
15888  -23.377  -26.756  50.928 0.0000000000
15889  -24.026  -25.643  51.144 0.0000000000
15891  -25.861  -25.613  49.885 0.0000000000
15892  -26.776  -25.791  49.340 0.0000000000
15893  -27.106  -26.999  48.778 0.0000000000
15894  -27.622  -26.030  48.773 0.0000000000
15898  -31.068  -24.916  48.976 0.0000000000
15900  -30.136  -25.607  48.236 0.0000000000
15901  -29.430  -26.527  47.779 0.0000000000
15902  -30.346  -26.700  47.419 0.0000000000
15903  -30.981  -27.785  47.311 0.0000000000
15904  -31.308  -26.874  47.038 0.0000000000
15905  -33.458  -25.988  46.176 0.0000000000
15906  -33.177  -26.924  46.320 0.0000000000
15907  -34.110  -26.838  45.988 0.0000000000
15908  -35.135  -27.492  46.435 0.0000000000
16383  -40.285  -20.148  33.887 0.0000000000
16384  -41.792  -20.372  34.473 0.0000000000
16385  -41.113  -19.552  33.220 0.0000000000
16386  -42.084  -17.093  31.011 0.0000000000
16387  -42.746  -18.228  31.995 0.0000000000
16391  -41.767  -11.233  30.422 0.0000000000
16392  -41.291  -12.663  30.071 0.0000000000
16393  -42.031  -12.132  29.339 0.0000000000
16394  -44.855  -13.566  28.000 0.0000000000
16395  -44.000  -14.031  28.583 0.0000000000
16396  -45.389  -14.728  28.798 0.0000000000
16397  -45.976  -15.723  29.803 0.0000000000
16409  -49.466  -10.906  23.722 0.0000000000
16410  -49.175  -9.793  23.116 0.0000000000
16411  -49.969  -9.714  22.571 0.0000000000
16517  -9.873  -32.246  62.370 0.0000000000
16518  -9.242  -32.499  63.366 0.0000000000
16519  -9.456  -33.811  62.658 0.0000000000
16521  -9.418  -36.334  64.705 0.0000000000
16523  -8.529  -37.387  67.044 0.0000000000
17733  -36.001  -25.280  44.152 0.0000000000
17734  -37.156  -25.436  44.471 0.0000000000
17735  -36.027  -24.666  43.615 0.0000000000
17736  -34.411  -22.660  42.499 0.0000000000
17737  -35.915  -23.438  42.755 0.0000000000
17738  -35.861  -22.809  42.387 0.0000000000
17739  -37.353  -22.619  42.840 0.0000000000
17740  -35.818  -22.223  41.947 0.0000000000
17743  -32.292  -18.212  41.560 0.0000000000
17744  -33.572  -20.047  38.908 0.0000000000
17745  -33.183  -20.345  39.913 0.0000000000
17746  -34.524  -21.018  39.762 0.0000000000
17747  -36.016  -21.364  40.839 0.0000000000
17748  -36.173  -21.154  40.123 0.0000000000
17749  -37.678  -20.942  40.778 0.0000000000
17750  -36.422  -21.121  39.338 0.0000000000
17751  -36.272  -20.566  36.362 0.0000000000
17752  -37.172  -21.289  37.603 0.0000000000
17753  -37.668  -21.283  36.783 0.0000000000
17754  -39.130  -21.534  37.501 0.0000000000
17755  -38.265  -21.159  35.974 0.0000000000
17756  -38.916  -20.929  35.234 0.0000000000
17757  -37.583  -20.206  34.863 0.0000000000
17758  -36.875  -16.205  34.623 0.0000000000
17759  -37.187  -17.399  33.894 0.0000000000
17760  -37.495  -15.895  34.034 0.0000000000
17800  -24.658  -29.049  50.806 0.0000000000
17801  -24.613  -29.917  51.848 0.0000000000
17802  -25.602  -29.813  51.602 0.0000000000
17892  -12.702  -32.251  59.092 0.0000000000
17893  -11.893  -32.220  59.790 0.0000000000
17894  -12.634  -33.435  59.798 0.0000000000
17897  -16.463  -32.201  57.001 0.0000000000
17898  -15.477  -32.244  57.476 0.0000000000
17899  -16.491  -33.061  58.311 0.0000000000
23429  -21.525  -31.871  55.802 0.0000000000
23431  -22.563  -31.614  55.466 0.0000000000
23432  -23.588  -31.319  55.085 0.0000000000
23433  -24.565  -30.976  54.759 0.0000000000
23434  -35.136  -28.566  48.561 0.0000000000
23435  -35.108  -28.975  49.798 0.0000000000
23449  -20.476  -26.288  54.152 0.0000000000
23450  -19.612  -27.573  53.888 0.0000000000
23451  -19.020  -28.912  54.013 0.0000000000
23452  -18.646  -30.172  54.435 0.0000000000
23453  -19.574  -30.320  53.893 0.0000000000
23454  -20.466  -31.465  54.607 0.0000000000
24496  -33.952  -25.183  46.402 0.0000000000
24497  -34.370  -24.840  46.127 0.0000000000
24518  -31.820  -25.076  48.360 0.0000000000
24519  -31.832  -25.937  47.173 0.0000000000
24521  -33.343  -25.188  47.111 0.0000000000
24807  -39.250  -17.571  32.305 0.0000000000
24808  -40.502  -18.370  32.271 0.0000000000
24809  -40.005  -16.967  31.644 0.0000000000
24810  -40.823  -16.356  30.977 0.0000000000
24811  -41.587  -15.757  30.362 0.0000000000
24813  -42.830  -11.646  28.556 0.0000000000
24814  -43.617  -11.200  27.798 0.0000000000
24815  -44.521  -12.243  27.371 0.0000000000
24816  -45.728  -13.121  27.399 0.0000000000
24817  -47.136  -13.723  27.775 0.0000000000
24818  -46.565  -12.719  26.779 0.0000000000
24819  -47.448  -12.408  26.187 0.0000000000
24820  -48.362  -12.123  25.569 0.0000000000
24822  -47.892  -11.143  24.768 0.0000000000
24823  -47.607  -9.950  24.289 0.0000000000
24887  -10.996  -34.669  61.895 0.0000000000
24888  -10.148  -34.934  62.645 0.0000000000
24889  -11.143  -35.660  63.387 0.0000000000
25617  -34.058  -22.956  44.421 0.0000000000
25618  -34.785  -23.663  43.505 0.0000000000
25619  -33.692  -22.509  43.956 0.0000000000
25620  -33.332  -22.093  43.230 0.0000000000
25621  -33.116  -21.660  42.525 0.0000000000
25623  -32.562  -17.773  40.498 0.0000000000
25624  -32.978  -17.427  39.372 0.0000000000
25625  -33.220  -18.628  38.471 0.0000000000
25626  -34.037  -19.810  38.003 0.0000000000
25627  -35.246  -20.705  38.030 0.0000000000
25628  -34.573  -19.640  37.162 0.0000000000
25629  -35.186  -19.497  36.311 0.0000000000
25630  -35.859  -19.345  35.522 0.0000000000
25631  -36.548  -19.150  34.809 0.0000000000
25632  -35.806  -17.859  35.202 0.0000000000
25657  -26.629  -29.017  50.049 0.0000000000
25658  -26.613  -29.706  51.292 0.0000000000
25659  -27.551  -29.760  50.987 0.0000000000
25713  -13.056  -30.868  58.725 0.0000000000
25714  -13.599  -32.228  58.473 0.0000000000
26791  -7.024  -35.827  65.996 0.0000000000
26792  -6.713  -34.512  66.686 0.0000000000
26793  -6.186  -35.870  67.054 0.0000000000
26794  -5.203  -35.837  68.035 0.0000000000
26795  -4.227  -35.758  68.460 0.0000000000
29684  -39.712  -21.911  44.703 0.0000000000
29716  -30.706  -29.301  49.021 0.0000000000
29717  -30.700  -29.827  50.327 0.0000000000
29756  -16.671  -27.132  57.380 0.0000000000
29757  -15.847  -28.286  57.068 0.0000000000
29758  -15.150  -29.649  57.028 0.0000000000
29759  -15.958  -29.746  56.299 0.0000000000
29760  -16.541  -31.097  56.110 0.0000000000
29761  -17.448  -32.226  56.660 0.0000000000
29762  -18.468  -31.299  55.203 0.0000000000
29763  -18.455  -32.201  56.384 0.0000000000
29764  -18.487  -32.754  57.861 0.0000000000
30442  -52.171  -8.417  20.385 0.0000000000
32191  -37.025  -27.225  46.889 0.0000000000
32192  -37.477  -26.673  46.317 0.0000000000
32193  -36.432  -26.662  45.560 0.0000000000
32194  -35.788  -25.815  44.717 0.0000000000
32195  -35.071  -24.690  44.506 0.0000000000
32196  -34.621  -24.413  45.831 0.0000000000
32197  -34.652  -23.862  45.441 0.0000000000
32198  -34.451  -23.409  44.862 0.0000000000
32199  -33.946  -22.041  45.677 0.0000000000
32219  -21.917  -28.291  51.724 0.0000000000
32220  -22.664  -29.278  51.605 0.0000000000
32221  -22.908  -28.095  51.068 0.0000000000
32222  -23.868  -27.971  50.521 0.0000000000
32223  -24.846  -27.874  50.075 0.0000000000
32224  -24.964  -25.540  50.540 0.0000000000
32225  -25.267  -26.723  49.720 0.0000000000
32226  -25.833  -27.898  49.595 0.0000000000
32227  -26.761  -28.054  49.207 0.0000000000
32228  -27.735  -28.244  48.823 0.0000000000
32229  -28.706  -28.458  48.560 0.0000000000
32235  -28.362  -25.228  49.263 0.0000000000
32236  -28.517  -26.242  48.305 0.0000000000
32237  -28.973  -27.510  47.895 0.0000000000
32238  -29.788  -28.582  48.264 0.0000000000
32239  -30.823  -28.676  48.034 0.0000000000
32240  -31.923  -28.711  47.851 0.0000000000
32241  -32.945  -28.606  47.646 0.0000000000
32242  -32.210  -26.925  46.615 0.0000000000
32243  -33.047  -27.859  46.833 0.0000000000
32244  -34.023  -28.408  47.481 0.0000000000
32245  -35.098  -28.096  47.364 0.0000000000
32246  -36.107  -27.719  47.182 0.0000000000
32274  -21.762  -26.700  52.424 0.0000000000
32852  -41.946  -18.886  32.580 0.0000000000
32858  -40.572  -13.267  30.767 0.0000000000
32859  -41.297  -14.248  30.030 0.0000000000
32860  -42.388  -15.142  29.753 0.0000000000
32861  -42.875  -13.134  28.709 0.0000000000
32862  -43.183  -14.578  29.180 0.0000000000
32863  -43.669  -15.840  29.851 0.0000000000
32864  -45.150  -16.308  30.312 0.0000000000
32883  -51.123  -10.730  22.738 0.0000000000
32884  -50.763  -9.667  22.012 0.0000000000
32885  -50.655  -8.431  21.586 0.0000000000
33020  -8.591  -32.745  64.398 0.0000000000
33021  -8.046  -34.255  64.520 0.0000000000
33022  -9.338  -35.233  63.415 0.0000000000
33023  -8.528  -35.465  64.236 0.0000000000
33024  -7.759  -35.676  65.074 0.0000000000
33025  -7.676  -36.886  66.176 0.0000000000
34554  -37.958  -26.032  45.813 0.0000000000
34555  -38.261  -25.356  45.230 0.0000000000
34556  -38.492  -24.562  44.722 0.0000000000
34557  -36.001  -24.063  43.135 0.0000000000
34558  -37.368  -24.052  43.479 0.0000000000
34559  -38.600  -23.807  44.296 0.0000000000
34560  -38.617  -23.020  43.967 0.0000000000
34561  -38.585  -22.287  43.679 0.0000000000
34562  -38.565  -21.610  43.403 0.0000000000
34564  -32.303  -20.310  42.546 0.0000000000
34565  -32.984  -21.185  41.721 0.0000000000
34566  -32.430  -19.329  40.579 0.0000000000
34567  -33.028  -20.744  40.805 0.0000000000
34568  -34.304  -21.699  41.288 0.0000000000
34569  -35.879  -21.740  41.454 0.0000000000
34570  -37.344  -21.428  42.070 0.0000000000
34575  -36.739  -21.167  38.503 0.0000000000
34576  -38.289  -21.203  39.185 0.0000000000
34581  -40.356  -21.242  35.911 0.0000000000
34582  -39.593  -20.590  34.536 0.0000000000
34583  -39.031  -19.522  33.503 0.0000000000
34584  -37.252  -18.880  34.159 0.0000000000
34585  -37.922  -18.545  33.536 0.0000000000
34586  -38.586  -18.085  32.926 0.0000000000
34587  -38.490  -16.571  32.647 0.0000000000
34588  -38.679  -15.029  32.813 0.0000000000
34636  -23.584  -30.126  52.125 0.0000000000
34637  -24.583  -30.557  53.180 0.0000000000
34639  -26.557  -30.171  52.635 0.0000000000
34747  -10.485  -32.268  61.421 0.0000000000
34748  -11.652  -30.887  60.456 0.0000000000
34749  -11.183  -32.186  60.556 0.0000000000
34750  -10.952  -33.542  61.065 0.0000000000
34751  -11.852  -34.537  61.386 0.0000000000
34754  -14.717  -30.975  57.307 0.0000000000
34755  -14.513  -32.206  57.925 0.0000000000
34756  -14.504  -33.300  58.946 0.0000000000
36944  -4.211  -38.457  69.304 0.0000000000
36945  -3.700  -37.280  68.524 0.0000000000
36946  -3.375  -35.795  68.174 0.0000000000
41172  -38.321  -26.786  47.650 0.0000000000
41177  -21.577  -30.038  52.634 0.0000000000
41178  -22.043  -30.466  52.881 0.0000000000
41179  -22.074  -29.953  52.340 0.0000000000
41180  -37.498  -27.389  47.955 0.0000000000
41187  -21.361  -28.687  52.175 0.0000000000
41188  -20.942  -28.617  52.479 0.0000000000
41189  -21.216  -29.348  52.439 0.0000000000
41190  -21.111  -29.926  52.792 0.0000000000
41943  -39.483  -13.769  32.420 0.0000000000
41944  -39.569  -14.197  31.847 0.0000000000
41945  -39.790  -13.455  32.064 0.0000000000
41946  -45.192  -9.289  26.679 0.0000000000
41947  -44.972  -9.968  26.629 0.0000000000
41948  -45.386  -9.833  26.225 0.0000000000
41949  -45.706  -10.363  25.911 0.0000000000
41950  -45.815  -9.698  25.823 0.0000000000
41951  -46.165  -9.613  25.495 0.0000000000
42399  -34.497  -16.826  37.024 0.0000000000
42415  -29.108  -29.242  49.356 0.0000000000
42416  -29.043  -29.530  49.864 0.0000000000
42417  -29.579  -29.568  49.766 0.0000000000
42444  -14.737  -28.331  58.456 0.0000000000
42445  -14.372  -28.917  58.322 0.0000000000
42446  -14.728  -28.925  57.877 0.0000000000
42933  -51.436  -9.062  21.199 0.0000000000
42934  -51.973  -9.634  21.187 0.0000000000
42935  -51.847  -9.062  20.899 0.0000000000
44790  -40.134  -24.057  46.337 0.0000000000
44791  -40.229  -23.649  46.118 0.0000000000
44792  -39.712  -23.840  45.570 0.0000000000
44815  -33.456  -29.046  48.624 0.0000000000
44816  -33.493  -29.261  49.352 0.0000000000
44817  -34.012  -29.138  49.258 0.0000000000
44840  -18.530  -28.073  54.681 0.0000000000
44841  -18.538  -27.341  55.147 0.0000000000
44842  -18.118  -27.952  55.052 0.0000000000
44843  -17.719  -27.959  55.462 0.0000000000
44844  -17.801  -28.617  55.040 0.0000000000
44845  -17.522  -29.276  55.112 0.0000000000
44846  -17.942  -29.330  54.788 0.0000000000
46585  -34.534  -26.398  45.575 0.0000000000
46586  -34.730  -26.165  45.366 0.0000000000
46587  -34.465  -25.894  45.496 0.0000000000
46608  -23.595  -25.569  51.555 0.0000000000
46610  -27.159  -24.796  50.179 0.0000000000
46611  -26.689  -25.258  49.822 0.0000000000
46612  -27.128  -25.363  49.546 0.0000000000
46613  -27.194  -25.920  49.066 0.0000000000
46614  -27.577  -25.432  49.268 0.0000000000
46618  -31.041  -25.304  48.358 0.0000000000
46619  -30.569  -25.261  48.611 0.0000000000
46620  -30.544  -25.757  47.941 0.0000000000
46621  -30.194  -26.152  47.730 0.0000000000
46622  -30.672  -26.269  47.509 0.0000000000
46623  -30.857  -26.803  47.252 0.0000000000
46624  -31.105  -26.350  47.269 0.0000000000
46625  -33.873  -26.046  46.033 0.0000000000
46626  -33.734  -26.421  45.999 0.0000000000
46627  -34.146  -26.486  45.804 0.0000000000
46628  -34.531  -26.869  45.790 0.0000000000
47103  -39.931  -19.609  33.354 0.0000000000
47104  -40.683  -19.861  33.543 0.0000000000
47105  -40.374  -19.316  33.014 0.0000000000
47106  -42.507  -16.794  30.738 0.0000000000
47107  -42.769  -17.379  31.183 0.0000000000
47110  -43.626  -16.731  30.582 0.0000000000
47111  -42.119  -10.965  30.048 0.0000000000
47112  -41.832  -11.655  29.829 0.0000000000
47113  -42.197  -11.382  29.441 0.0000000000
47114  -45.538  -13.936  28.109 0.0000000000
47115  -45.129  -14.172  28.382 0.0000000000
47116  -45.841  -14.471  28.546 0.0000000000
47117  -46.101  -14.960  29.043 0.0000000000
47131  -49.134  -9.186  22.925 0.0000000000
47237  -9.984  -32.945  61.972 0.0000000000
47238  -9.630  -33.042  62.446 0.0000000000
47239  -9.838  -33.676  62.195 0.0000000000
48453  -35.436  -24.745  44.016 0.0000000000
48454  -35.980  -24.948  43.935 0.0000000000
48455  -35.401  -24.455  43.739 0.0000000000
48456  -34.324  -22.441  42.212 0.0000000000
48457  -35.124  -22.793  42.362 0.0000000000
48458  -35.062  -22.508  42.118 0.0000000000
48459  -35.849  -22.508  42.163 0.0000000000
48460  -35.029  -22.254  41.869 0.0000000000
48464  -34.180  -20.495  38.840 0.0000000000
48465  -33.957  -20.629  39.340 0.0000000000
48466  -34.700  -20.921  39.343 0.0000000000
48467  -35.331  -21.162  39.895 0.0000000000
48468  -35.475  -21.102  39.485 0.0000000000
48469  -36.314  -21.128  39.748 0.0000000000
48470  -35.649  -21.044  39.078 0.0000000000
48471  -36.586  -20.506  35.974 0.0000000000
48472  -36.964  -20.985  36.524 0.0000000000
48473  -37.248  -20.927  36.120 0.0000000000
48474  -37.964  -21.235  36.372 0.0000000000
48475  -37.566  -20.853  35.744 0.0000000000
48476  -37.888  -20.741  35.364 0.0000000000
48477  -37.239  -20.330  35.207 0.0000000000
48520  -25.129  -28.878  50.509 0.0000000000
48521  -25.117  -29.413  51.112 0.0000000000
48522  -25.619  -29.381  50.936 0.0000000000
48612  -13.092  -32.875  59.112 0.0000000000
48613  -12.645  -32.880  59.399 0.0000000000
48614  -13.107  -33.410  59.538 0.0000000000
48615  -13.152  -33.931  60.122 0.0000000000
48616  -13.592  -33.893  59.916 0.0000000000
48617  -16.969  -32.648  57.483 0.0000000000
48618  -16.470  -32.684  57.598 0.0000000000
48619  -16.996  -32.985  58.173 0.0000000000
50410  -7.667  -33.704  65.457 0.0000000000
50412  -7.360  -33.742  66.047 0.0000000000
54391  -39.694  -25.248  47.060 0.0000000000
54407  -21.514  -31.680  55.045 0.0000000000
54408  -22.044  -31.749  55.584 0.0000000000
54409  -22.050  -31.547  54.826 0.0000000000
54410  -23.099  -31.044  53.731 0.0000000000
54411  -23.097  -31.278  54.432 0.0000000000
54412  -23.592  -31.124  54.272 0.0000000000
54413  -24.088  -31.142  54.882 0.0000000000
54414  -24.113  -31.000  54.188 0.0000000000
54415  -35.577  -28.385  48.401 0.0000000000
54416  -35.683  -28.576  49.138 0.0000000000
54437  -21.236  -25.815  53.944 0.0000000000
54439  -20.789  -26.365  53.734 0.0000000000
54440  -20.071  -28.472  53.181 0.0000000000
54441  -19.998  -27.675  53.506 0.0000000000
54442  -19.692  -28.332  53.540 0.0000000000
54443  -19.275  -28.275  53.905 0.0000000000
54444  -19.453  -28.951  53.659 0.0000000000
54445  -19.258  -29.593  53.855 0.0000000000
54446  -19.703  -29.751  53.584 0.0000000000
54447  -21.004  -31.007  53.806 0.0000000000
54448  -20.484  -30.983  53.967 0.0000000000
54449  -20.997  -31.399  54.436 0.0000000000
54450  -21.005  -31.723  55.122 0.0000000000
56185  -33.994  -24.805  46.985 0.0000000000
56186  -34.254  -24.573  47.027 0.0000000000
56223  -32.238  -25.090  48.038 0.0000000000
56225  -33.822  -24.445  48.089 0.0000000000
56227  -33.692  -24.739  47.461 0.0000000000
56228  -33.623  -25.073  46.904 0.0000000000
56703  -39.145  -16.827  32.124 0.0000000000
56704  -39.639  -17.285  31.968 0.0000000000
56705  -39.510  -16.516  31.779 0.0000000000
56706  -40.152  -15.153  31.056 0.0000000000
56707  -40.258  -15.941  31.129 0.0000000000
56708  -40.613  -15.618  30.816 0.0000000000
56709  -41.199  -16.056  30.677 0.0000000000
56710  -40.984  -15.302  30.484 0.0000000000
56712  -43.347  -10.692  28.233 0.0000000000
56713  -43.747  -10.490  27.827 0.0000000000
56714  -44.860  -11.356  26.797 0.0000000000
56715  -44.442  -11.531  27.167 0.0000000000
56716  -44.952  -12.034  27.011 0.0000000000
56717  -45.080  -12.707  27.344 0.0000000000
56718  -45.522  -12.499  27.001 0.0000000000
56719  -46.147  -12.918  27.088 0.0000000000
56720  -45.968  -12.318  26.664 0.0000000000
56721  -46.671  -11.410  25.646 0.0000000000
56722  -46.816  -12.010  26.019 0.0000000000
56723  -47.257  -11.890  25.712 0.0000000000
56725  -47.700  -11.752  25.403 0.0000000000
56726  -48.109  -11.670  25.143 0.0000000000
56727  -47.501  -11.210  25.054 0.0000000000
56728  -46.871  -9.427  24.833 0.0000000000
56729  -47.255  -10.001  24.577 0.0000000000
58053  -33.709  -22.272  44.829 0.0000000000
58054  -33.906  -22.711  44.196 0.0000000000
58055  -33.507  -22.073  44.507 0.0000000000
58056  -32.707  -20.985  43.903 0.0000000000
58057  -33.079  -21.685  43.743 0.0000000000
58058  -32.861  -21.476  43.308 0.0000000000
58059  -33.188  -21.879  42.907 0.0000000000
58060  -32.708  -21.237  42.967 0.0000000000
58064  -33.597  -17.780  37.894 0.0000000000
58065  -33.290  -17.922  38.353 0.0000000000
58066  -33.501  -18.524  38.003 0.0000000000
58067  -33.563  -19.229  38.196 0.0000000000
58068  -33.825  -19.113  37.738 0.0000000000
58069  -34.255  -19.690  37.583 0.0000000000
58070  -34.126  -19.057  37.303 0.0000000000
58071  -34.759  -18.125  36.296 0.0000000000
58072  -34.768  -18.885  36.433 0.0000000000
58073  -35.107  -18.817  36.038 0.0000000000
58074  -35.538  -19.427  35.890 0.0000000000
58075  -35.423  -18.711  35.672 0.0000000000
58076  -35.777  -18.643  35.319 0.0000000000
58077  -35.467  -17.954  35.544 0.0000000000
58079  -35.889  -16.515  35.556 0.0000000000
58120  -27.079  -28.989  49.845 0.0000000000
58121  -27.042  -29.366  50.434 0.0000000000
58122  -27.562  -29.459  50.334 0.0000000000
58123  -29.059  -30.013  51.302 0.0000000000
58124  -28.593  -30.036  51.524 0.0000000000
58212  -13.674  -30.241  58.281 0.0000000000
58213  -13.317  -30.201  58.683 0.0000000000
58214  -13.432  -30.908  58.337 0.0000000000
58215  -13.264  -31.600  58.492 0.0000000000
58216  -13.697  -31.565  58.168 0.0000000000
60010  -6.897  -36.474  66.419 0.0000000000
60011  -6.632  -35.864  66.514 0.0000000000
60012  -6.462  -36.501  66.895 0.0000000000
60013  -5.208  -37.136  68.254 0.0000000000
60014  -5.483  -36.503  67.867 0.0000000000
60015  -4.938  -36.497  68.222 0.0000000000
60016  -4.705  -35.789  68.334 0.0000000000
60017  -4.415  -36.482  68.429 0.0000000000
65248  -40.287  -22.835  45.721 0.0000000000
65250  -40.289  -22.461  45.577 0.0000000000
65251  -40.251  -22.070  45.375 0.0000000000
65252  -39.711  -22.274  44.844 0.0000000000
65320  -31.282  -29.341  49.007 0.0000000000
65321  -31.282  -29.603  49.600 0.0000000000
65322  -31.781  -29.526  49.465 0.0000000000
65405  -16.990  -27.784  56.300 0.0000000000
65406  -17.063  -27.130  56.897 0.0000000000
65407  -16.612  -27.719  56.753 0.0000000000
65408  -16.267  -27.656  57.197 0.0000000000
65409  -16.190  -28.382  56.654 0.0000000000
65410  -15.809  -29.057  56.612 0.0000000000
65411  -16.233  -29.079  56.227 0.0000000000
65412  -17.137  -30.561  55.517 0.0000000000
65413  -16.647  -30.485  55.815 0.0000000000
65414  -17.025  -31.159  55.870 0.0000000000
65415  -16.956  -31.750  56.300 0.0000000000
65416  -17.451  -31.762  56.090 0.0000000000
65417  -19.014  -30.815  54.539 0.0000000000
65418  -18.543  -30.762  54.781 0.0000000000
65419  -18.968  -31.340  54.996 0.0000000000
65420  -19.490  -32.379  56.886 0.0000000000
65421  -18.956  -32.177  56.237 0.0000000000
65422  -18.983  -32.454  56.930 0.0000000000
65423  -18.475  -32.520  57.094 0.0000000000
70630  -36.499  -27.214  46.466 0.0000000000
70631  -36.775  -26.942  46.210 0.0000000000
70632  -36.210  -26.897  45.798 0.0000000000
70633  -35.197  -25.811  44.973 0.0000000000
70634  -35.567  -26.060  44.921 0.0000000000
70635  -35.265  -25.524  44.767 0.0000000000
70636  -35.350  -25.293  44.491 0.0000000000
70637  -35.021  -24.972  44.718 0.0000000000
70638  -34.585  -24.106  46.688 0.0000000000
70639  -34.553  -24.508  46.085 0.0000000000
70640  -34.646  -23.917  46.521 0.0000000000
70641  -34.589  -22.774  46.369 0.0000000000
70643  -34.526  -23.180  45.757 0.0000000000
70644  -34.528  -23.574  45.268 0.0000000000
70645  -34.376  -22.952  45.507 0.0000000000
70646  -34.162  -22.730  45.305 0.0000000000
70697  -22.156  -27.586  51.642 0.0000000000
70698  -22.427  -28.106  51.356 0.0000000000
70699  -22.635  -27.439  51.210 0.0000000000
70700  -23.791  -26.736  50.600 0.0000000000
70701  -23.554  -27.312  50.613 0.0000000000
70702  -24.057  -27.368  50.359 0.0000000000
70703  -24.351  -27.871  50.226 0.0000000000
70704  -24.528  -27.311  50.101 0.0000000000
70708  -25.958  -26.209  49.484 0.0000000000
70709  -25.528  -26.187  49.723 0.0000000000
70710  -25.694  -26.713  49.472 0.0000000000
70711  -25.468  -27.314  49.604 0.0000000000
70712  -25.979  -27.380  49.373 0.0000000000
70713  -26.264  -27.958  49.378 0.0000000000
70714  -26.429  -27.415  49.124 0.0000000000
70715  -27.564  -27.148  48.523 0.0000000000
70716  -27.392  -27.637  48.680 0.0000000000
70717  -27.860  -27.749  48.531 0.0000000000
70718  -28.222  -28.282  48.644 0.0000000000
70719  -28.343  -27.939  48.351 0.0000000000
70731  -29.770  -24.986  49.220 0.0000000000
70732  -29.819  -24.640  49.903 0.0000000000
70733  -29.288  -24.975  49.397 0.0000000000
70734  -28.955  -24.844  49.819 0.0000000000
70735  -28.864  -25.229  49.113 0.0000000000
70736  -28.409  -25.764  48.691 0.0000000000
70737  -28.896  -25.829  48.492 0.0000000000
70738  -29.679  -27.102  47.657 0.0000000000
70739  -29.223  -27.048  47.934 0.0000000000
70740  -29.450  -27.480  47.751 0.0000000000
70741  -29.348  -28.091  48.058 0.0000000000
70742  -29.864  -28.129  47.891 0.0000000000
70743  -30.268  -28.607  48.086 0.0000000000
70744  -30.357  -28.169  47.724 0.0000000000
70745  -31.526  -27.861  47.209 0.0000000000
70746  -31.396  -28.276  47.447 0.0000000000
70747  -31.955  -28.284  47.441 0.0000000000
70748  -32.441  -28.629  47.754 0.0000000000
70749  -32.488  -28.318  47.287 0.0000000000
70750  -32.242  -25.960  46.905 0.0000000000
70751  -31.983  -26.452  46.820 0.0000000000
70752  -32.449  -26.489  46.631 0.0000000000
70753  -33.573  -27.362  46.409 0.0000000000
70754  -33.113  -27.441  46.504 0.0000000000
70755  -33.582  -27.788  46.743 0.0000000000
70756  -33.526  -28.186  47.126 0.0000000000
70757  -34.114  -28.083  47.092 0.0000000000
70758  -34.671  -28.301  47.539 0.0000000000
70759  -34.570  -27.975  46.945 0.0000000000
70760  -35.510  -27.342  46.214 0.0000000000
70761  -35.631  -27.649  46.793 0.0000000000
70762  -36.089  -27.461  46.616 0.0000000000
70763  -36.557  -27.474  47.051 0.0000000000
70827  -22.440  -26.158  52.126 0.0000000000
70828  -22.122  -26.131  52.596 0.0000000000
70829  -22.098  -26.766  51.990 0.0000000000
70830  -21.807  -27.407  51.973 0.0000000000
72183  -41.352  -21.111  35.942 0.0000000000
72186  -42.179  -20.077  34.140 0.0000000000
72187  -42.543  -20.365  34.836 0.0000000000
72191  -40.882  -18.049  31.950 0.0000000000
72192  -41.202  -18.671  32.394 0.0000000000
72193  -41.587  -18.360  32.102 0.0000000000
72206  -40.748  -12.113  31.611 0.0000000000
72207  -40.427  -12.807  31.304 0.0000000000
72208  -40.751  -12.498  30.990 0.0000000000
72209  -41.636  -13.151  29.650 0.0000000000
72210  -41.248  -13.452  30.008 0.0000000000
72211  -41.691  -13.936  29.710 0.0000000000
72212  -41.826  -14.715  29.825 0.0000000000
72213  -42.199  -14.405  29.536 0.0000000000
72214  -43.200  -12.179  28.234 0.0000000000
72215  -42.791  -12.388  28.597 0.0000000000
72216  -43.269  -12.905  28.379 0.0000000000
72217  -44.262  -14.669  28.926 0.0000000000
72218  -43.580  -14.288  28.882 0.0000000000
72219  -43.853  -14.971  29.206 0.0000000000
72220  -43.447  -15.241  29.488 0.0000000000
72221  -44.098  -15.578  29.610 0.0000000000
72222  -44.425  -16.124  30.040 0.0000000000
72223  -44.817  -15.824  29.791 0.0000000000
72225  -46.303  -16.086  30.354 0.0000000000
72236  -47.586  -13.494  27.521 0.0000000000
72260  -49.283  -11.443  24.372 0.0000000000
72261  -49.849  -10.849  23.471 0.0000000000
72263  -50.521  -11.248  23.639 0.0000000000
72267  -50.705  -10.757  22.981 0.0000000000
72268  -49.876  -9.097  22.353 0.0000000000
72269  -50.371  -9.692  22.290 0.0000000000
72270  -50.263  -9.072  22.062 0.0000000000
72271  -50.666  -9.061  21.761 0.0000000000
72590  -8.952  -33.266  63.419 0.0000000000
72591  -8.949  -32.600  63.871 0.0000000000
72592  -8.634  -33.387  63.908 0.0000000000
72593  -8.295  -33.478  64.411 0.0000000000
72594  -8.399  -34.143  64.029 0.0000000000
72595  -10.186  -35.514  63.296 0.0000000000
72596  -9.733  -35.073  63.044 0.0000000000
72597  -9.768  -35.669  63.659 0.0000000000
72598  -8.974  -36.486  65.022 0.0000000000
72599  -8.940  -35.990  64.385 0.0000000000
72600  -8.525  -36.085  64.753 0.0000000000
72601  -8.132  -35.580  64.642 0.0000000000
72602  -8.112  -36.219  65.155 0.0000000000
72603  -7.704  -36.320  65.573 0.0000000000
72604  -8.113  -36.759  65.779 0.0000000000
72606  -8.054  -37.561  67.385 0.0000000000
76233  -37.208  -26.394  45.645 0.0000000000
76234  -37.734  -26.362  46.040 0.0000000000
76235  -37.381  -26.087  45.373 0.0000000000
76236  -37.223  -25.124  44.203 0.0000000000
76237  -37.744  -25.418  44.820 0.0000000000
76238  -37.861  -25.066  44.581 0.0000000000
76239  -38.429  -24.949  44.993 0.0000000000
76240  -37.917  -24.678  44.267 0.0000000000
76241  -34.729  -23.424  43.231 0.0000000000
76242  -35.337  -23.917  43.217 0.0000000000
76243  -35.289  -23.623  43.024 0.0000000000
76244  -36.648  -23.398  42.864 0.0000000000
76245  -36.699  -23.768  42.997 0.0000000000
76246  -37.374  -23.687  43.299 0.0000000000
76247  -37.989  -23.955  43.831 0.0000000000
76248  -38.023  -23.564  43.683 0.0000000000
76249  -38.653  -23.390  44.148 0.0000000000
76250  -38.032  -23.194  43.498 0.0000000000
76251  -37.297  -22.287  42.704 0.0000000000
76252  -37.989  -22.453  43.248 0.0000000000
76253  -37.940  -22.146  43.097 0.0000000000
76254  -38.562  -21.956  43.572 0.0000000000
76255  -37.948  -21.776  42.956 0.0000000000
76259  -32.161  -19.232  42.055 0.0000000000
76260  -32.148  -19.478  42.659 0.0000000000
76261  -32.285  -20.024  42.076 0.0000000000
76262  -32.557  -20.761  42.113 0.0000000000
76263  -32.546  -20.538  41.637 0.0000000000
76264  -32.602  -18.338  39.943 0.0000000000
76265  -32.423  -18.580  40.483 0.0000000000
76266  -32.576  -19.131  40.022 0.0000000000
76267  -33.694  -20.896  40.197 0.0000000000
76268  -33.107  -20.554  40.355 0.0000000000
76269  -33.627  -21.079  40.632 0.0000000000
76270  -33.561  -21.269  41.032 0.0000000000
76271  -34.316  -21.506  40.914 0.0000000000
76272  -35.088  -21.789  41.301 0.0000000000
76273  -35.127  -21.581  40.941 0.0000000000
76274  -36.794  -21.234  41.142 0.0000000000
76275  -36.732  -21.391  41.435 0.0000000000
76276  -37.391  -21.223  41.819 0.0000000000
76277  -37.979  -21.231  42.485 0.0000000000
76278  -38.068  -21.014  42.195 0.0000000000
76281  -37.828  -20.933  40.424 0.0000000000
76286  -35.494  -20.670  37.602 0.0000000000
76287  -35.990  -21.029  38.242 0.0000000000
76288  -36.181  -21.020  37.779 0.0000000000
76289  -37.927  -21.395  37.948 0.0000000000
76290  -37.746  -21.319  38.388 0.0000000000
76291  -38.468  -21.323  38.758 0.0000000000
76296  -39.433  -21.519  37.088 0.0000000000
76297  -39.905  -21.507  37.899 0.0000000000
76298  -40.166  -21.524  37.494 0.0000000000
76300  -40.446  -21.492  37.075 0.0000000000
76301  -40.750  -21.390  36.692 0.0000000000
76302  -40.031  -21.378  36.264 0.0000000000
76303  -38.557  -20.465  34.651 0.0000000000
76304  -39.243  -20.785  34.884 0.0000000000
76305  -38.910  -20.294  34.315 0.0000000000
76306  -39.296  -20.085  33.978 0.0000000000
76307  -38.657  -19.722  33.828 0.0000000000
76308  -36.474  -18.412  34.638 0.0000000000
76309  -36.894  -19.022  34.479 0.0000000000
76310  -36.818  -18.295  34.310 0.0000000000
76311  -37.528  -17.229  33.582 0.0000000000
76312  -37.506  -17.960  33.675 0.0000000000
76313  -37.835  -17.783  33.363 0.0000000000
76314  -38.265  -18.318  33.229 0.0000000000
76315  -38.178  -17.585  33.052 0.0000000000
76316  -38.501  -17.344  32.740 0.0000000000
76317  -38.180  -16.815  32.955 0.0000000000
76319  -38.395  -15.277  33.108 0.0000000000
76435  -23.134  -29.137  51.325 0.0000000000
76436  -23.087  -29.798  51.809 0.0000000000
76437  -23.614  -29.648  51.564 0.0000000000
76438  -25.105  -30.155  52.380 0.0000000000
76439  -24.590  -30.246  52.454 0.0000000000
76440  -25.084  -30.423  53.076 0.0000000000
76441  -25.054  -30.643  53.810 0.0000000000
76442  -25.565  -30.540  53.689 0.0000000000
76443  -27.060  -29.980  51.836 0.0000000000
76444  -26.580  -29.977  51.949 0.0000000000
76445  -27.057  -30.150  52.545 0.0000000000
76459  -30.692  -30.027  51.056 0.0000000000
76710  -10.431  -31.592  61.899 0.0000000000
76711  -10.741  -31.579  61.403 0.0000000000
76712  -12.306  -30.213  60.039 0.0000000000
76713  -11.975  -30.236  60.534 0.0000000000
76714  -11.984  -30.856  60.000 0.0000000000
76715  -11.800  -32.885  60.065 0.0000000000
76716  -11.542  -32.195  60.156 0.0000000000
76717  -11.397  -32.863  60.377 0.0000000000
76718  -11.026  -32.902  60.774 0.0000000000
76719  -11.372  -33.522  60.713 0.0000000000
76720  -11.370  -34.104  61.144 0.0000000000
76721  -11.786  -34.064  60.862 0.0000000000
76727  -15.325  -30.345  56.774 0.0000000000
76728  -14.912  -30.279  57.108 0.0000000000
76729  -15.158  -31.014  56.988 0.0000000000
76730  -15.486  -32.742  57.989 0.0000000000
76731  -14.993  -32.206  57.702 0.0000000000
76732  -14.981  -32.760  58.179 0.0000000000
76733  -14.487  -32.795  58.417 0.0000000000
76734  -15.010  -33.241  58.741 0.0000000000
81116  -52.563  -8.404  20.087 0.0000000000
82131  -3.287  -38.204  68.232 0.0000000000
82132  -3.550  -38.099  68.623 0.0000000000
82133  -3.368  -37.346  68.255 0.0000000000
82134  -3.517  -36.547  68.307 0.0000000000
82135  -3.210  -36.605  67.975 0.0000000000
92549  -21.509  -31.015  53.690 0.0000000000
92550  -22.038  -31.291  54.133 0.0000000000
92551  -22.036  -30.921  53.479 0.0000000000
92552  -22.540  -30.789  53.164 0.0000000000
92553  -23.087  -30.692  53.030 0.0000000000
92554  -36.654  -27.911  48.337 0.0000000000
92567  -21.090  -27.213  52.750 0.0000000000
92568  -20.762  -27.044  53.157 0.0000000000
92569  -20.787  -27.801  52.711 0.0000000000
92570  -20.536  -28.459  52.801 0.0000000000
92571  -20.336  -29.169  53.013 0.0000000000
92572  -20.177  -29.839  53.301 0.0000000000
92573  -20.627  -29.861  53.001 0.0000000000
92574  -21.036  -30.484  53.241 0.0000000000
93616  -34.304  -24.074  48.522 0.0000000000
93927  -39.104  -15.267  32.111 0.0000000000
93928  -39.448  -15.742  31.708 0.0000000000
93929  -39.468  -14.970  31.752 0.0000000000
93930  -39.804  -14.655  31.405 0.0000000000
93931  -40.141  -14.360  31.054 0.0000000000
93933  -44.151  -10.299  27.417 0.0000000000
93934  -44.567  -10.125  27.019 0.0000000000
93935  -44.872  -10.660  26.669 0.0000000000
93936  -45.300  -11.190  26.425 0.0000000000
93937  -45.793  -11.688  26.326 0.0000000000
93938  -45.725  -11.026  26.076 0.0000000000
93939  -46.133  -10.886  25.729 0.0000000000
93940  -46.570  -10.766  25.373 0.0000000000
93941  -46.958  -10.690  25.071 0.0000000000
93942  -46.509  -10.141  25.216 0.0000000000
93943  -46.513  -9.508  25.161 0.0000000000
94738  -33.161  -21.421  44.665 0.0000000000
94739  -32.929  -20.715  44.917 0.0000000000
94740  -32.701  -20.495  44.525 0.0000000000
94741  -32.481  -20.224  44.056 0.0000000000
94746  -33.896  -17.663  37.462 0.0000000000
94747  -34.109  -18.307  37.077 0.0000000000
94748  -34.225  -17.565  37.014 0.0000000000
94749  -34.570  -17.451  36.608 0.0000000000
94750  -34.937  -17.370  36.212 0.0000000000
94751  -35.289  -17.300  35.823 0.0000000000
94752  -35.171  -16.635  36.265 0.0000000000
94777  -28.104  -29.141  49.611 0.0000000000
94778  -28.064  -29.500  50.189 0.0000000000
94779  -28.548  -29.497  50.032 0.0000000000
94780  -29.060  -29.839  50.666 0.0000000000
94781  -29.609  -30.040  51.292 0.0000000000
94833  -14.010  -29.559  58.264 0.0000000000
94834  -14.066  -30.259  57.866 0.0000000000
95709  -51.734  -10.177  21.813 0.0000000000
95711  -52.149  -10.175  21.553 0.0000000000
95911  -6.666  -37.520  67.677 0.0000000000
95912  -6.298  -37.077  67.421 0.0000000000
95913  -6.109  -37.573  68.048 0.0000000000
95914  -5.538  -37.622  68.434 0.0000000000
95915  -4.973  -37.713  68.725 0.0000000000
99055  -40.245  -23.233  45.900 0.0000000000
99056  -39.773  -23.033  45.179 0.0000000000
99097  -32.359  -29.204  48.771 0.0000000000
99098  -32.390  -29.478  49.484 0.0000000000
99099  -32.889  -29.363  49.307 0.0000000000
99100  -33.433  -29.464  49.869 0.0000000000
99101  -34.027  -29.520  50.596 0.0000000000
99142  -19.339  -26.753  54.880 0.0000000000
99144  -19.002  -26.731  55.304 0.0000000000
99145  -18.661  -26.642  55.740 0.0000000000
99146  -18.244  -26.648  56.216 0.0000000000
99148  -17.766  -27.228  56.009 0.0000000000
99149  -17.394  -27.777  55.876 0.0000000000
99150  -16.980  -28.492  55.823 0.0000000000
99151  -16.651  -29.156  55.834 0.0000000000
99152  -17.076  -29.174  55.478 0.0000000000
99153  -17.281  -29.932  55.277 0.0000000000
99154  -17.580  -30.657  55.257 0.0000000000
99155  -19.970  -31.822  55.369 0.0000000000
99156  -19.453  -31.801  55.452 0.0000000000
99157  -19.982  -32.106  56.077 0.0000000000
99158  -20.000  -32.308  56.814 0.0000000000
102283  -35.450  -27.000  45.773 0.0000000000
102284  -35.632  -26.707  45.530 0.0000000000
102285  -35.164  -26.465  45.393 0.0000000000
102286  -34.928  -25.950  45.212 0.0000000000
102287  -34.853  -25.474  45.159 0.0000000000
102323  -22.772  -26.283  51.728 0.0000000000
102324  -22.912  -26.828  51.250 0.0000000000
102325  -23.218  -26.215  51.361 0.0000000000
102326  -23.673  -26.187  50.992 0.0000000000
102327  -24.077  -26.149  50.673 0.0000000000
102329  -25.781  -25.150  50.403 0.0000000000
102330  -26.287  -25.133  50.190 0.0000000000
102331  -26.255  -25.799  49.574 0.0000000000
102332  -26.455  -26.376  49.193 0.0000000000
102333  -26.625  -26.955  48.999 0.0000000000
102334  -26.921  -26.351  48.926 0.0000000000
102335  -27.343  -26.540  48.710 0.0000000000
102336  -27.804  -26.608  48.516 0.0000000000
102344  -30.621  -24.860  49.253 0.0000000000
102345  -30.211  -25.079  48.996 0.0000000000
102346  -29.683  -25.604  48.440 0.0000000000
102347  -29.412  -25.844  48.436 0.0000000000
102348  -29.797  -26.076  48.051 0.0000000000
102349  -29.904  -26.611  47.617 0.0000000000
102350  -30.139  -27.128  47.461 0.0000000000
102351  -30.453  -27.775  47.462 0.0000000000
102352  -30.627  -27.211  47.256 0.0000000000
102353  -31.113  -27.306  47.070 0.0000000000
102354  -31.605  -27.386  46.899 0.0000000000
102355  -33.071  -26.016  46.461 0.0000000000
102356  -32.823  -26.394  46.417 0.0000000000
102357  -33.309  -26.492  46.246 0.0000000000
102358  -33.642  -27.006  46.119 0.0000000000
102359  -34.084  -27.350  46.245 0.0000000000
102360  -34.606  -27.637  46.541 0.0000000000
102361  -34.558  -27.193  46.104 0.0000000000
102362  -35.011  -27.156  45.955 0.0000000000
103215  -40.599  -20.582  34.486 0.0000000000
103216  -41.379  -20.655  34.827 0.0000000000
103217  -41.035  -20.311  34.150 0.0000000000
103218  -41.439  -20.013  33.806 0.0000000000
103219  -41.856  -19.704  33.468 0.0000000000
103220  -41.674  -17.429  31.336 0.0000000000
103221  -42.027  -18.029  31.776 0.0000000000
103222  -42.393  -17.703  31.490 0.0000000000
103229  -41.429  -11.513  30.843 0.0000000000
103230  -41.102  -12.211  30.613 0.0000000000
103231  -41.472  -11.926  30.222 0.0000000000
103232  -41.674  -12.392  29.706 0.0000000000
103233  -42.023  -12.891  29.309 0.0000000000
103234  -44.223  -13.130  27.976 0.0000000000
103235  -43.810  -13.367  28.286 0.0000000000
103236  -44.415  -13.781  28.279 0.0000000000
103237  -44.712  -14.418  28.651 0.0000000000
103238  -44.972  -14.995  29.069 0.0000000000
103239  -45.236  -15.549  29.537 0.0000000000
103240  -45.691  -15.239  29.281 0.0000000000
103241  -46.425  -15.386  29.566 0.0000000000
103260  -48.500  -10.455  23.905 0.0000000000
103261  -49.070  -10.958  23.970 0.0000000000
103262  -48.903  -10.415  23.637 0.0000000000
103263  -49.306  -10.368  23.366 0.0000000000
103264  -49.702  -10.311  23.098 0.0000000000
103265  -50.110  -10.279  22.843 0.0000000000
103266  -49.561  -9.745  22.834 0.0000000000
103267  -49.508  -9.145  22.630 0.0000000000
103459  -9.569  -32.368  62.848 0.0000000000
103460  -9.286  -33.159  62.927 0.0000000000
103461  -9.085  -33.929  63.106 0.0000000000
103467  -8.550  -37.068  66.183 0.0000000000
105645  -36.387  -25.667  44.522 0.0000000000
105646  -37.005  -25.741  44.747 0.0000000000
105647  -36.520  -25.404  44.212 0.0000000000
105648  -36.619  -25.080  44.011 0.0000000000
105649  -36.676  -24.755  43.714 0.0000000000
105650  -34.509  -22.934  42.771 0.0000000000
105651  -35.250  -23.352  42.802 0.0000000000
105652  -35.156  -23.044  42.585 0.0000000000
105653  -35.956  -23.105  42.540 0.0000000000
105654  -36.653  -23.088  42.669 0.0000000000
105655  -37.365  -22.964  42.985 0.0000000000
105656  -36.633  -22.738  42.560 0.0000000000
105657  -36.556  -22.440  42.356 0.0000000000
105658  -36.596  -22.118  42.208 0.0000000000
105663  -32.184  -18.982  41.565 0.0000000000
105664  -33.085  -19.523  39.153 0.0000000000
105665  -32.885  -19.695  39.686 0.0000000000
105666  -33.365  -20.193  39.411 0.0000000000
105667  -33.839  -20.758  39.751 0.0000000000
105668  -34.483  -21.150  40.164 0.0000000000
105669  -35.153  -21.403  40.637 0.0000000000
105670  -35.290  -21.275  40.243 0.0000000000
105671  -36.087  -21.248  40.483 0.0000000000
105672  -36.843  -21.137  40.774 0.0000000000
105673  -37.547  -20.970  41.151 0.0000000000
105674  -36.929  -21.096  40.453 0.0000000000
105675  -37.095  -21.061  40.063 0.0000000000
105676  -37.272  -21.104  39.660 0.0000000000
105677  -36.002  -20.605  36.755 0.0000000000
105678  -36.429  -21.036  37.365 0.0000000000
105679  -36.707  -21.032  36.958 0.0000000000
105680  -37.400  -21.297  37.194 0.0000000000
105681  -38.154  -21.451  37.524 0.0000000000
105682  -38.932  -21.494  37.914 0.0000000000
105683  -38.419  -21.462  37.110 0.0000000000
105684  -38.685  -21.435  36.707 0.0000000000
105685  -38.982  -21.350  36.280 0.0000000000
105686  -39.311  -21.261  35.900 0.0000000000
105687  -38.616  -21.065  35.597 0.0000000000
105688  -38.228  -20.642  35.000 0.0000000000
105689  -37.937  -20.060  34.500 0.0000000000
105690  -36.656  -16.958  34.516 0.0000000000
105691  -36.858  -17.540  34.195 0.0000000000
105692  -36.980  -16.798  34.197 0.0000000000
105693  -37.301  -16.634  33.884 0.0000000000
105694  -37.604  -16.447  33.584 0.0000000000
105695  -37.922  -16.252  33.282 0.0000000000
105766  -24.173  -29.015  50.918 0.0000000000
105767  -24.122  -29.606  51.438 0.0000000000
105768  -24.611  -29.505  51.244 0.0000000000
105769  -25.118  -29.813  51.703 0.0000000000
105770  -25.580  -30.051  52.213 0.0000000000
105932  -12.455  -31.535  59.226 0.0000000000
105933  -12.086  -31.532  59.615 0.0000000000
105934  -12.300  -32.220  59.436 0.0000000000
105935  -12.203  -32.863  59.710 0.0000000000
105936  -12.193  -33.481  60.108 0.0000000000
105937  -12.228  -34.014  60.578 0.0000000000
105938  -12.673  -33.970  60.309 0.0000000000
105941  -16.013  -31.657  56.733 0.0000000000
105942  -15.510  -31.666  57.056 0.0000000000
105943  -15.987  -32.199  57.206 0.0000000000
105944  -15.982  -32.707  57.794 0.0000000000
105945  -15.999  -33.127  58.440 0.0000000000
116083  -39.869  -24.871  46.802 0.0000000000
116084  -39.490  -24.631  45.998 0.0000000000
116105  -21.535  -32.000  56.614 0.0000000000
116107  -22.032  -31.893  56.409 0.0000000000
116108  -22.549  -31.727  56.255 0.0000000000
116109  -23.060  -31.571  56.062 0.0000000000
116110  -22.556  -31.417  54.654 0.0000000000
116111  -23.089  -31.449  55.250 0.0000000000
116116  -34.551  -28.755  48.561 0.0000000000
116117  -34.551  -28.963  49.193 0.0000000000
116151  -20.120  -26.237  54.587 0.0000000000
116152  -20.373  -26.944  53.570 0.0000000000
116153  -20.054  -26.888  53.984 0.0000000000
116154  -19.710  -26.797  54.404 0.0000000000
116155  -19.300  -27.444  54.298 0.0000000000
116156  -18.895  -28.125  54.265 0.0000000000
116157  -18.608  -28.800  54.336 0.0000000000
116158  -18.376  -29.455  54.479 0.0000000000
116159  -18.803  -29.556  54.183 0.0000000000
116160  -19.114  -30.249  54.171 0.0000000000
116161  -19.493  -30.835  54.291 0.0000000000
116162  -20.055  -30.419  53.680 0.0000000000
116163  -19.991  -30.969  54.184 0.0000000000
116164  -19.968  -31.438  54.746 0.0000000000
116165  -20.476  -31.779  55.246 0.0000000000
116166  -21.019  -31.982  55.880 0.0000000000
118594  -33.997  -25.548  45.985 0.0000000000
118595  -34.287  -25.434  45.905 0.0000000000
118596  -34.214  -24.973  46.434 0.0000000000
118597  -34.427  -24.407  46.812 0.0000000000
118645  -31.430  -24.999  48.679 0.0000000000
118646  -31.383  -25.474  47.971 0.0000000000
118647  -31.464  -25.907  47.474 0.0000000000
118648  -31.751  -25.488  47.646 0.0000000000
118649  -32.172  -25.519  47.406 0.0000000000
118650  -32.617  -25.553  47.170 0.0000000000
118652  -32.975  -25.163  47.420 0.0000000000
118653  -32.954  -25.597  46.793 0.0000000000
118654  -33.349  -25.565  46.592 0.0000000000
118655  -33.690  -25.579  46.391 0.0000000000
119319  -39.436  -18.308  32.579 0.0000000000
119320  -40.087  -18.691  32.591 0.0000000000
119321  -39.829  -18.001  32.240 0.0000000000
119322  -40.217  -17.708  31.910 0.0000000000
119323  -40.622  -17.378  31.596 0.0000000000
119324  -39.899  -16.222  31.446 0.0000000000
119325  -40.424  -16.665  31.302 0.0000000000
119326  -41.024  -17.065  31.280 0.0000000000
119327  -41.434  -16.769  30.954 0.0000000000
119328  -41.835  -16.446  30.652 0.0000000000
119329  -42.204  -16.147  30.375 0.0000000000
119331  -42.574  -11.159  29.033 0.0000000000
119332  -42.951  -10.903  28.631 0.0000000000
119333  -43.205  -11.391  28.172 0.0000000000
119334  -43.593  -11.945  27.880 0.0000000000
119335  -44.041  -10.992  27.411 0.0000000000
119336  -44.009  -11.723  27.529 0.0000000000
119337  -44.093  -12.451  27.712 0.0000000000
119338  -44.668  -12.936  27.654 0.0000000000
119339  -45.288  -13.349  27.702 0.0000000000
119340  -45.983  -13.715  27.824 0.0000000000
119341  -46.682  -13.977  28.025 0.0000000000
119342  -46.414  -13.473  27.543 0.0000000000
119343  -46.846  -13.266  27.267 0.0000000000
119344  -47.264  -13.059  26.999 0.0000000000
119345  -46.386  -12.152  26.349 0.0000000000
119346  -47.023  -12.560  26.498 0.0000000000
119347  -47.724  -12.877  26.721 0.0000000000
119353  -48.509  -11.612  24.889 0.0000000000
119354  -48.274  -11.086  24.480 0.0000000000
119355  -47.347  -10.634  24.777 0.0000000000
119356  -47.728  -10.585  24.486 0.0000000000
119357  -48.111  -10.523  24.194 0.0000000000
119358  -47.996  -9.907  23.997 0.0000000000
119507  -10.547  -34.185  61.761 0.0000000000
119508  -10.154  -34.245  62.105 0.0000000000
119509  -10.578  -34.832  62.285 0.0000000000
119510  -10.630  -35.384  62.950 0.0000000000
121209  -34.518  -23.553  44.159 0.0000000000
121210  -34.848  -23.882  43.735 0.0000000000
121211  -34.359  -23.343  43.888 0.0000000000
121212  -34.235  -23.096  43.660 0.0000000000
121213  -34.082  -22.890  43.413 0.0000000000
121214  -33.260  -21.910  44.063 0.0000000000
121215  -33.546  -22.311  43.543 0.0000000000
121216  -33.960  -22.667  43.096 0.0000000000
121217  -33.834  -22.449  42.772 0.0000000000
121218  -33.703  -22.202  42.525 0.0000000000
121219  -33.581  -21.969  42.188 0.0000000000
121223  -32.760  -17.599  39.903 0.0000000000
121224  -32.810  -18.187  39.402 0.0000000000
121225  -33.252  -17.267  38.862 0.0000000000
121226  -33.028  -18.024  38.888 0.0000000000
121227  -32.970  -18.770  38.995 0.0000000000
121228  -33.281  -19.358  38.652 0.0000000000
121229  -33.778  -19.922  38.482 0.0000000000
121230  -34.379  -20.389  38.390 0.0000000000
121231  -35.041  -20.753  38.460 0.0000000000
121232  -34.609  -20.302  37.950 0.0000000000
121233  -34.853  -20.230  37.542 0.0000000000
121234  -35.119  -20.183  37.102 0.0000000000
121235  -34.442  -18.961  36.867 0.0000000000
121236  -34.838  -19.562  36.747 0.0000000000
121237  -35.385  -20.132  36.701 0.0000000000
121238  -35.689  -20.065  36.298 0.0000000000
121239  -36.000  -19.999  35.887 0.0000000000
121240  -36.343  -19.913  35.499 0.0000000000
121241  -36.674  -19.829  35.146 0.0000000000
121242  -36.199  -19.253  35.156 0.0000000000
121243  -36.124  -18.525  34.970 0.0000000000
121244  -36.182  -17.822  34.834 0.0000000000
121245  -35.623  -17.244  35.476 0.0000000000
121246  -35.966  -17.169  35.159 0.0000000000
121247  -36.314  -17.078  34.839 0.0000000000
121248  -36.560  -16.338  34.915 0.0000000000
121249  -36.917  -15.622  35.123 0.0000000000
121303  -26.141  -28.918  50.217 0.0000000000
121304  -26.080  -29.361  50.728 0.0000000000
121305  -26.582  -29.367  50.627 0.0000000000
121306  -27.048  -29.722  51.112 0.0000000000
121307  -27.545  -29.980  51.683 0.0000000000
121308  -28.077  -29.807  50.862 0.0000000000
121309  -28.055  -29.995  51.536 0.0000000000
121432  -12.606  -30.233  59.570 0.0000000000
121433  -13.282  -29.550  59.179 0.0000000000
121434  -12.959  -30.201  59.115 0.0000000000
121435  -12.663  -30.864  59.117 0.0000000000
121436  -12.838  -31.559  58.867 0.0000000000
121437  -13.151  -32.229  58.741 0.0000000000
121438  -13.565  -32.844  58.859 0.0000000000
121439  -18.012  -33.000  58.684 0.0000000000
123949  -7.181  -35.152  65.717 0.0000000000
123950  -7.076  -34.461  66.087 0.0000000000
123951  -6.824  -35.179  66.247 0.0000000000
123952  -6.418  -35.213  66.836 0.0000000000
123953  -6.002  -35.207  67.383 0.0000000000
123954  -5.979  -36.500  67.374 0.0000000000
123955  -5.724  -35.854  67.574 0.0000000000
123956  -5.538  -35.181  67.890 0.0000000000
123957  -5.058  -35.136  68.270 0.0000000000
123958  -4.540  -35.098  68.486 0.0000000000
129331  -41.217  -11.519  31.943 0.0000000000
129335  -41.858  -10.892  31.116 0.0000000000
129336  -42.204  -10.599  30.766 0.0000000000
129337  -42.525  -10.338  30.348 0.0000000000
131036  -39.658  -21.557  44.513 0.0000000000
131122  -30.186  -29.304  49.134 0.0000000000
131123  -30.163  -29.609  49.763 0.0000000000
131124  -30.669  -29.601  49.580 0.0000000000
131125  -31.261  -29.811  50.259 0.0000000000
131133  -34.539  -29.176  49.827 0.0000000000
131233  -16.347  -27.090  57.842 0.0000000000
131234  -15.866  -27.674  57.657 0.0000000000
131235  -15.466  -28.291  57.500 0.0000000000
131236  -15.088  -28.948  57.430 0.0000000000
131237  -15.472  -28.957  57.020 0.0000000000
131238  -15.552  -29.679  56.648 0.0000000000
131239  -15.751  -30.415  56.439 0.0000000000
131240  -16.383  -29.815  55.915 0.0000000000
131241  -16.211  -30.414  56.107 0.0000000000
131242  -16.084  -31.056  56.373 0.0000000000
131243  -16.477  -31.670  56.515 0.0000000000
131244  -16.950  -32.243  56.854 0.0000000000
131245  -17.471  -32.606  57.304 0.0000000000
131246  -18.183  -30.100  54.695 0.0000000000
131247  -18.046  -30.687  54.980 0.0000000000
131248  -17.970  -31.268  55.432 0.0000000000
131249  -18.949  -31.809  55.600 0.0000000000
131250  -18.447  -31.801  55.738 0.0000000000
131251  -17.946  -31.774  55.927 0.0000000000
131252  -17.944  -32.240  56.534 0.0000000000
131253  -17.975  -32.585  57.208 0.0000000000
131254  -17.993  -32.833  57.929 0.0000000000
133090  -51.781  -8.423  20.686 0.0000000000
137845  -37.500  -27.178  47.354 0.0000000000
137846  -37.736  -26.901  47.048 0.0000000000
137847  -37.297  -26.943  46.638 0.0000000000
137848  -36.961  -26.715  45.903 0.0000000000
137849  -36.640  -26.359  45.304 0.0000000000
137850  -35.917  -26.530  45.325 0.0000000000
137851  -36.094  -26.265  45.043 0.0000000000
137852  -36.318  -26.030  44.787 0.0000000000
137853  -35.839  -25.516  44.426 0.0000000000
137854  -35.524  -25.045  44.246 0.0000000000
137855  -35.020  -24.452  44.258 0.0000000000
137856  -34.419  -25.192  45.707 0.0000000000
137857  -34.588  -25.023  45.506 0.0000000000
137858  -34.714  -24.834  45.290 0.0000000000
137859  -34.678  -23.652  46.243 0.0000000000
137860  -34.649  -24.055  45.654 0.0000000000
137861  -34.796  -24.554  45.100 0.0000000000
137862  -34.766  -24.268  44.916 0.0000000000
137863  -34.710  -24.046  44.682 0.0000000000
137864  -34.652  -23.803  44.374 0.0000000000
137865  -34.277  -23.140  44.755 0.0000000000
137866  -33.951  -22.492  45.065 0.0000000000
137867  -33.663  -21.823  45.404 0.0000000000
137868  -33.994  -21.585  46.336 0.0000000000
137927  -21.790  -28.861  51.912 0.0000000000
137928  -22.153  -29.317  51.862 0.0000000000
137929  -22.261  -28.758  51.582 0.0000000000
137930  -22.751  -28.728  51.273 0.0000000000
137931  -23.246  -28.527  50.993 0.0000000000
137932  -23.125  -27.415  50.960 0.0000000000
137933  -23.383  -27.924  50.757 0.0000000000
137934  -23.735  -28.552  50.756 0.0000000000
137935  -24.249  -28.448  50.539 0.0000000000
137936  -24.729  -28.463  50.392 0.0000000000
137937  -25.216  -28.330  50.075 0.0000000000
137938  -24.446  -25.112  51.392 0.0000000000
137939  -24.397  -25.616  50.821 0.0000000000
137940  -24.583  -26.130  50.360 0.0000000000
137941  -25.364  -25.676  50.146 0.0000000000
137942  -25.026  -26.112  50.002 0.0000000000
137943  -24.749  -26.678  50.017 0.0000000000
137944  -25.023  -27.326  49.819 0.0000000000
137945  -25.328  -27.848  49.814 0.0000000000
137946  -25.723  -28.472  49.931 0.0000000000
137947  -26.191  -28.456  49.770 0.0000000000
137948  -26.668  -28.494  49.588 0.0000000000
137949  -27.146  -28.618  49.396 0.0000000000
137950  -26.905  -27.603  48.888 0.0000000000
137951  -27.252  -28.143  49.027 0.0000000000
137952  -27.646  -28.691  49.200 0.0000000000
137953  -28.114  -28.725  49.044 0.0000000000
137954  -28.622  -28.832  48.931 0.0000000000
137955  -29.154  -28.921  48.811 0.0000000000
137973  -28.040  -24.938  49.686 0.0000000000
137974  -27.992  -25.575  48.995 0.0000000000
137975  -28.037  -26.216  48.465 0.0000000000
137976  -28.265  -26.815  48.274 0.0000000000
137977  -28.965  -26.522  48.065 0.0000000000
137978  -28.756  -26.827  48.056 0.0000000000
137979  -28.483  -27.418  48.152 0.0000000000
137980  -28.866  -27.941  48.197 0.0000000000
137981  -29.217  -28.423  48.353 0.0000000000
137982  -29.685  -28.937  48.657 0.0000000000
137983  -30.189  -28.996  48.573 0.0000000000
137984  -30.773  -29.081  48.533 0.0000000000
137985  -31.261  -29.030  48.347 0.0000000000
137986  -30.874  -28.283  47.610 0.0000000000
137987  -31.345  -28.650  47.970 0.0000000000
137988  -31.817  -28.946  48.298 0.0000000000
137989  -32.408  -28.971  48.290 0.0000000000
137990  -32.980  -28.895  48.176 0.0000000000
137991  -33.520  -28.807  48.180 0.0000000000
137992  -31.533  -26.425  47.006 0.0000000000
137993  -31.797  -26.912  46.849 0.0000000000
137994  -32.122  -27.448  46.798 0.0000000000
137995  -32.720  -26.993  46.516 0.0000000000
137996  -32.626  -27.452  46.666 0.0000000000
137997  -32.443  -27.830  46.863 0.0000000000
137998  -32.965  -28.202  47.159 0.0000000000
137999  -33.519  -28.480  47.574 0.0000000000
138000  -34.053  -28.680  48.067 0.0000000000
138001  -34.522  -28.504  47.928 0.0000000000
138002  -35.117  -28.380  47.938 0.0000000000
138003  -35.614  -28.147  47.831 0.0000000000
138004  -35.126  -27.831  46.913 0.0000000000
138005  -35.660  -27.922  47.348 0.0000000000
138006  -36.170  -27.936  47.831 0.0000000000
138007  -36.577  -27.713  47.613 0.0000000000
138008  -37.040  -27.447  47.510 0.0000000000
138085  -21.530  -25.883  53.475 0.0000000000
138087  -21.838  -26.017  53.029 0.0000000000
138088  -21.444  -26.620  52.855 0.0000000000
138089  -21.471  -27.250  52.311 0.0000000000
138090  -21.554  -28.073  52.039 0.0000000000
139748  -42.147  -20.653  35.196 0.0000000000
139754  -40.763  -18.995  32.703 0.0000000000
139755  -41.545  -19.225  32.900 0.0000000000
139756  -42.294  -19.383  33.160 0.0000000000
139757  -42.333  -18.563  32.294 0.0000000000
139772  -40.091  -13.140  31.672 0.0000000000
139773  -40.219  -13.579  31.125 0.0000000000
139774  -40.515  -14.049  30.691 0.0000000000
139775  -40.940  -12.948  30.416 0.0000000000
139776  -40.886  -13.736  30.338 0.0000000000
139777  -40.896  -14.549  30.373 0.0000000000
139778  -41.405  -14.998  30.154 0.0000000000
139779  -41.996  -15.445  30.061 0.0000000000
139780  -42.641  -15.841  30.075 0.0000000000
139781  -42.423  -11.888  28.956 0.0000000000
139782  -42.400  -12.633  28.952 0.0000000000
139783  -42.470  -13.378  29.048 0.0000000000
139784  -43.397  -13.607  28.605 0.0000000000
139785  -42.983  -13.854  28.922 0.0000000000
139786  -42.601  -14.147  29.228 0.0000000000
139787  -42.786  -14.852  29.467 0.0000000000
139788  -43.047  -15.536  29.771 0.0000000000
139789  -43.312  -16.149  30.153 0.0000000000
139791  -44.741  -16.606  30.561 0.0000000000
139793  -45.555  -16.007  30.053 0.0000000000
139847  -51.570  -10.700  22.488 0.0000000000
139848  -50.540  -10.256  22.590 0.0000000000
139849  -50.960  -10.235  22.327 0.0000000000
139850  -51.358  -10.208  22.062 0.0000000000
139851  -51.155  -9.646  21.733 0.0000000000
139852  -51.058  -9.051  21.466 0.0000000000
139853  -51.024  -8.425  21.286 0.0000000000
139879  -50.700  -7.788  21.519 0.0000000000
140245  -8.292  -32.846  64.927 0.0000000000
140246  -7.997  -33.588  64.901 0.0000000000
140247  -7.707  -34.363  65.024 0.0000000000
140248  -9.749  -34.429  62.560 0.0000000000
140249  -9.361  -34.578  62.978 0.0000000000
140250  -8.972  -34.680  63.395 0.0000000000
140251  -9.369  -35.823  63.992 0.0000000000
140252  -8.922  -35.390  63.843 0.0000000000
140253  -8.607  -34.793  63.821 0.0000000000
140254  -8.241  -34.869  64.247 0.0000000000
140255  -7.868  -35.015  64.728 0.0000000000
140256  -7.522  -35.091  65.222 0.0000000000
140257  -7.392  -35.762  65.506 0.0000000000
140258  -7.303  -36.406  65.989 0.0000000000
140259  -7.252  -36.975  66.566 0.0000000000
140260  -8.100  -37.214  66.526 0.0000000000
140261  -7.643  -37.341  66.886 0.0000000000
140262  -7.163  -37.465  67.282 0.0000000000
144690  -38.026  -26.597  46.799 0.0000000000
144693  -37.619  -25.743  45.076 0.0000000000
144694  -38.151  -25.675  45.492 0.0000000000
144697  -38.971  -24.809  45.461 0.0000000000
144698  -39.089  -24.411  45.251 0.0000000000
144699  -35.405  -24.163  43.484 0.0000000000
144700  -36.086  -24.354  43.398 0.0000000000
144701  -36.766  -24.449  43.467 0.0000000000
144702  -35.970  -23.734  42.928 0.0000000000
144703  -36.705  -24.091  43.240 0.0000000000
144704  -37.311  -24.435  43.711 0.0000000000
144705  -37.964  -24.334  44.072 0.0000000000
144706  -38.589  -24.191  44.507 0.0000000000
144707  -39.195  -24.026  45.034 0.0000000000
144708  -39.233  -23.614  44.850 0.0000000000
144709  -39.214  -23.228  44.632 0.0000000000
144710  -39.219  -22.842  44.492 0.0000000000
144711  -37.993  -22.838  43.379 0.0000000000
144712  -38.597  -22.667  43.829 0.0000000000
144713  -39.156  -22.469  44.337 0.0000000000
144714  -39.166  -22.100  44.182 0.0000000000
144715  -39.133  -21.762  44.033 0.0000000000
144719  -32.331  -20.021  43.580 0.0000000000
144720  -32.231  -18.926  43.176 0.0000000000
144721  -32.237  -19.735  43.101 0.0000000000
144722  -32.401  -20.520  43.045 0.0000000000
144723  -32.607  -21.031  42.570 0.0000000000
144724  -32.983  -21.400  42.137 0.0000000000
144725  -33.622  -21.736  41.775 0.0000000000
144727  -32.285  -18.751  40.978 0.0000000000
144728  -32.309  -19.528  41.047 0.0000000000
144729  -32.703  -19.865  40.178 0.0000000000
144730  -32.604  -20.049  40.687 0.0000000000
144731  -32.567  -20.315  41.140 0.0000000000
144732  -32.962  -20.956  41.272 0.0000000000
144733  -33.515  -21.501  41.428 0.0000000000
144734  -34.303  -21.949  41.586 0.0000000000
144735  -35.067  -22.028  41.579 0.0000000000
144736  -35.817  -21.951  41.711 0.0000000000
144737  -36.618  -21.838  41.974 0.0000000000
144738  -35.937  -21.525  41.146 0.0000000000
144739  -36.642  -21.599  41.732 0.0000000000
144740  -37.294  -21.671  42.358 0.0000000000
144741  -37.958  -21.501  42.735 0.0000000000
144742  -38.608  -21.276  43.204 0.0000000000
144743  -39.125  -21.102  43.630 0.0000000000
144747  -38.263  -20.787  41.519 0.0000000000
144753  -35.804  -21.000  38.669 0.0000000000
144754  -36.591  -21.126  38.922 0.0000000000
144755  -37.353  -21.147  39.249 0.0000000000
144756  -36.958  -21.246  38.065 0.0000000000
144757  -37.540  -21.235  38.819 0.0000000000
144772  -41.052  -21.264  36.309 0.0000000000
144773  -40.666  -21.093  35.556 0.0000000000
144774  -39.635  -21.147  35.550 0.0000000000
144775  -39.949  -20.985  35.195 0.0000000000
144776  -40.269  -20.788  34.837 0.0000000000
144777  -39.925  -20.387  34.209 0.0000000000
144778  -39.595  -19.855  33.652 0.0000000000
144779  -39.325  -19.243  33.217 0.0000000000
144780  -37.046  -19.720  34.777 0.0000000000
144781  -37.407  -19.587  34.428 0.0000000000
144782  -37.764  -19.438  34.103 0.0000000000
144783  -37.151  -18.120  33.997 0.0000000000
144784  -37.599  -18.720  33.840 0.0000000000
144785  -38.118  -19.262  33.775 0.0000000000
144786  -38.438  -19.044  33.464 0.0000000000
144787  -38.771  -18.819  33.161 0.0000000000
144788  -39.102  -18.566  32.876 0.0000000000
144789  -38.932  -17.831  32.594 0.0000000000
144790  -38.820  -17.093  32.426 0.0000000000
144791  -38.792  -16.323  32.349 0.0000000000
144792  -38.238  -16.029  32.952 0.0000000000
144793  -38.513  -15.812  32.677 0.0000000000
144794  -38.817  -15.548  32.378 0.0000000000
144795  -38.964  -14.755  32.519 0.0000000000
144796  -39.205  -14.059  32.727 0.0000000000
144934  -22.610  -29.851  52.052 0.0000000000
144935  -23.083  -30.280  52.391 0.0000000000
144936  -23.589  -30.558  52.773 0.0000000000
144937  -24.103  -30.026  51.989 0.0000000000
144938  -24.103  -30.387  52.632 0.0000000000
144939  -24.100  -30.721  53.378 0.0000000000
144940  -24.587  -30.787  53.960 0.0000000000
144943  -26.098  -29.688  51.400 0.0000000000
144944  -26.080  -29.985  52.076 0.0000000000
144945  -26.078  -30.243  52.806 0.0000000000
144946  -27.065  -30.321  53.335 0.0000000000
144947  -26.538  -30.342  53.361 0.0000000000
144948  -26.071  -30.411  53.510 0.0000000000
144949  -26.050  -30.558  54.293 0.0000000000
144961  -30.164  -29.844  50.424 0.0000000000
144962  -30.111  -30.039  51.079 0.0000000000
145265  -10.166  -31.598  62.374 0.0000000000
145266  -10.170  -32.277  61.889 0.0000000000
145267  -10.328  -32.896  61.542 0.0000000000
145270  -11.339  -30.881  60.949 0.0000000000
145271  -11.729  -31.519  60.036 0.0000000000
145272  -11.396  -31.511  60.458 0.0000000000
145273  -11.069  -31.528  60.916 0.0000000000
145274  -10.835  -32.196  60.996 0.0000000000
145275  -10.669  -32.874  61.146 0.0000000000
145276  -10.582  -33.566  61.408 0.0000000000
145277  -10.954  -34.137  61.424 0.0000000000
145278  -11.396  -34.643  61.667 0.0000000000
145280  -12.304  -34.484  61.141 0.0000000000
145286  -14.739  -29.614  57.422 0.0000000000
145287  -14.460  -30.286  57.494 0.0000000000
145288  -14.267  -30.952  57.636 0.0000000000
145289  -15.042  -31.615  57.288 0.0000000000
145290  -14.579  -31.608  57.593 0.0000000000
145291  -14.151  -31.589  57.862 0.0000000000
145292  -14.063  -32.215  58.197 0.0000000000
145293  -14.011  -32.795  58.608 0.0000000000
145294  -14.029  -33.362  59.147 0.0000000000
145295  -17.037  -33.229  58.885 0.0000000000
145296  -16.532  -33.335  59.020 0.0000000000
145301  -15.066  -33.631  59.387 0.0000000000
145302  -14.565  -33.748  59.560 0.0000000000
145303  -14.077  -33.799  59.733 0.0000000000
150579  -52.254  -9.043  20.613 0.0000000000
151797  -4.740  -38.297  69.273 0.0000000000
151798  -4.425  -37.799  68.894 0.0000000000
151799  -3.806  -38.674  69.089 0.0000000000
151800  -3.928  -37.957  68.844 0.0000000000
151801  -4.145  -37.170  68.595 0.0000000000
151802  -3.933  -36.491  68.482 0.0000000000
151803  -3.742  -35.755  68.426 0.0000000000
151807  -2.978  -37.542  67.205 0.0000000000
151809  -2.876  -36.674  66.852 0.0000000000
151810  -2.991  -36.645  67.480 0.0000000000
151811  -3.091  -35.793  67.758 0.0000000000
