#!ascii label  , from subject fsaverage_sym vox2ras=TkReg
2092
15  -47.138  -27.792  51.924 0.0000000000
48  -34.739  -34.185  63.494 0.0000000000
99  -51.598  -21.835  37.428 0.0000000000
220  -40.452  -28.273  41.048 0.0000000000
222  -49.280  -23.674  44.842 0.0000000000
230  -42.695  -32.673  58.206 0.0000000000
231  -33.482  -36.196  51.885 0.0000000000
232  -36.761  -32.949  45.991 0.0000000000
372  -26.704  -33.706  66.627 0.0000000000
469  -58.252  -14.837  38.530 0.0000000000
478  -26.674  -38.162  53.651 0.0000000000
700  -43.955  -28.496  46.557 0.0000000000
701  -44.784  -25.769  42.976 0.0000000000
702  -47.905  -24.989  48.480 0.0000000000
710  -45.524  -30.382  55.089 0.0000000000
711  -40.512  -33.453  52.210 0.0000000000
712  -42.152  -30.914  49.090 0.0000000000
713  -38.637  -30.458  43.632 0.0000000000
1029  -58.351  -14.600  34.086 0.0000000000
1045  -30.717  -33.947  65.289 0.0000000000
1046  -26.710  -35.473  59.297 0.0000000000
1047  -30.448  -35.433  58.275 0.0000000000
1550  -50.430  -22.855  41.349 0.0000000000
1564  -39.067  -33.867  61.188 0.0000000000
1565  -34.697  -35.255  57.006 0.0000000000
1566  -38.256  -35.040  55.046 0.0000000000
1567  -35.775  -35.111  48.963 0.0000000000
1824  -23.100  -33.976  68.586 0.0000000000
2053  -54.058  -20.090  47.432 0.0000000000
2054  -54.933  -19.672  43.151 0.0000000000
2056  -56.217  -15.558  41.983 0.0000000000
2057  -55.758  -18.839  38.784 0.0000000000
2058  -56.083  -18.477  34.601 0.0000000000
2080  -23.309  -36.061  61.007 0.0000000000
2083  -30.014  -36.929  53.025 0.0000000000
2620  -45.668  -28.325  49.351 0.0000000000
2621  -45.982  -26.825  47.600 0.0000000000
2622  -47.561  -26.363  50.175 0.0000000000
2630  -46.468  -29.074  53.538 0.0000000000
2631  -44.120  -30.951  52.207 0.0000000000
2632  -44.847  -29.719  50.608 0.0000000000
2633  -43.088  -29.796  47.858 0.0000000000
2940  -50.744  -23.088  34.934 0.0000000000
2942  -52.276  -21.663  35.450 0.0000000000
2965  -32.741  -34.174  64.559 0.0000000000
2966  -30.642  -34.869  61.558 0.0000000000
2967  -32.653  -34.883  60.947 0.0000000000
3537  -41.176  -27.314  39.040 0.0000000000
3538  -46.978  -24.634  43.915 0.0000000000
3539  -45.447  -25.043  41.061 0.0000000000
3540  -47.747  -24.229  42.115 0.0000000000
3541  -48.364  -23.820  40.379 0.0000000000
3542  -49.975  -23.322  43.139 0.0000000000
3565  -41.026  -33.395  59.769 0.0000000000
3566  -38.840  -34.571  58.111 0.0000000000
3567  -40.530  -34.170  56.798 0.0000000000
3568  -38.724  -33.285  49.137 0.0000000000
3569  -38.152  -34.536  50.551 0.0000000000
3570  -36.342  -34.295  47.429 0.0000000000
3575  -39.550  -29.398  42.295 0.0000000000
4509  -54.513  -19.957  45.326 0.0000000000
4517  -56.983  -17.300  41.029 0.0000000000
4518  -57.330  -17.090  38.961 0.0000000000
4519  -55.997  -18.578  36.727 0.0000000000
4520  -57.265  -16.857  36.819 0.0000000000
4522  -57.129  -16.777  32.444 0.0000000000
4570  -24.868  -33.854  67.598 0.0000000000
4571  -23.212  -35.132  64.707 0.0000000000
4572  -24.906  -34.861  63.687 0.0000000000
4573  -26.514  -36.404  56.006 0.0000000000
4574  -24.962  -36.855  56.645 0.0000000000
4575  -25.473  -38.958  54.470 0.0000000000
4578  -34.312  -35.801  54.373 0.0000000000
4579  -32.391  -35.910  54.915 0.0000000000
4580  -31.824  -36.574  52.666 0.0000000000
5866  -42.109  -28.399  43.766 0.0000000000
5867  -42.590  -27.086  42.002 0.0000000000
5868  -44.314  -27.009  44.828 0.0000000000
5869  -46.423  -25.491  45.798 0.0000000000
5870  -48.533  -24.099  46.674 0.0000000000
5884  -44.238  -31.635  56.655 0.0000000000
5885  -42.069  -33.429  55.340 0.0000000000
5886  -43.211  -32.212  53.705 0.0000000000
5887  -41.355  -32.163  50.732 0.0000000000
5888  -39.320  -31.890  47.551 0.0000000000
5889  -37.638  -31.662  44.851 0.0000000000
5890  -40.396  -30.684  46.325 0.0000000000
5891  -41.305  -29.616  45.037 0.0000000000
6457  -58.458  -14.714  36.347 0.0000000000
6458  -58.994  -12.372  35.522 0.0000000000
6487  -28.703  -33.706  65.866 0.0000000000
6488  -26.745  -34.622  62.854 0.0000000000
6489  -28.647  -34.663  62.129 0.0000000000
6490  -28.535  -35.413  58.786 0.0000000000
6491  -28.268  -36.166  55.606 0.0000000000
7449  -43.264  -26.040  40.078 0.0000000000
7453  -48.999  -23.314  38.602 0.0000000000
7454  -51.003  -22.279  39.449 0.0000000000
7486  -36.866  -34.106  62.414 0.0000000000
7487  -34.817  -34.804  60.052 0.0000000000
7488  -36.902  -34.728  59.165 0.0000000000
7489  -36.633  -35.267  56.172 0.0000000000
7490  -35.972  -35.601  53.452 0.0000000000
7491  -39.590  -34.535  53.692 0.0000000000
7492  -37.339  -35.222  52.118 0.0000000000
7493  -34.801  -35.754  50.584 0.0000000000
8072  -49.039  -25.146  53.252 0.0000000000
8118  -36.504  -32.746  64.811 0.0000000000
8120  -40.737  -32.093  62.208 0.0000000000
8121  -42.662  -31.365  60.745 0.0000000000
8724  -49.458  -23.827  51.514 0.0000000000
8725  -50.096  -22.921  49.701 0.0000000000
8726  -51.005  -22.458  48.064 0.0000000000
8728  -53.261  -20.184  49.309 0.0000000000
8729  -51.813  -22.137  46.313 0.0000000000
8730  -52.363  -21.870  44.513 0.0000000000
8731  -52.760  -21.397  42.551 0.0000000000
8732  -53.212  -20.906  40.396 0.0000000000
8739  -56.443  -17.513  43.045 0.0000000000
8740  -55.367  -19.220  40.923 0.0000000000
8741  -53.702  -20.376  38.217 0.0000000000
8742  -54.197  -20.025  36.187 0.0000000000
8745  -57.172  -16.727  34.647 0.0000000000
8806  -21.358  -35.347  65.548 0.0000000000
8808  -22.228  -38.186  58.810 0.0000000000
8809  -24.977  -35.702  60.061 0.0000000000
8810  -23.564  -37.476  57.648 0.0000000000
8815  -32.629  -35.331  57.702 0.0000000000
8816  -30.350  -36.079  55.309 0.0000000000
8817  -28.214  -37.504  53.246 0.0000000000
8819  -28.824  -39.412  52.075 0.0000000000
10300  -46.460  -28.134  50.653 0.0000000000
10301  -46.685  -27.372  49.800 0.0000000000
10302  -47.415  -27.089  51.098 0.0000000000
10310  -46.849  -28.450  52.742 0.0000000000
10311  -45.748  -29.515  52.146 0.0000000000
10312  -46.064  -28.851  51.301 0.0000000000
10313  -45.279  -29.041  49.969 0.0000000000
10618  -50.675  -22.434  37.103 0.0000000000
10620  -51.080  -22.344  36.122 0.0000000000
10621  -51.504  -22.342  35.221 0.0000000000
10622  -51.913  -21.676  36.419 0.0000000000
10645  -33.724  -34.211  64.068 0.0000000000
10646  -32.699  -34.594  62.755 0.0000000000
10647  -33.702  -34.597  62.311 0.0000000000
11215  -39.816  -28.349  39.596 0.0000000000
11217  -40.794  -27.745  40.102 0.0000000000
11218  -48.136  -24.133  44.389 0.0000000000
11219  -47.366  -24.400  43.003 0.0000000000
11220  -48.490  -23.991  43.502 0.0000000000
11221  -48.847  -23.807  42.627 0.0000000000
11222  -49.626  -23.543  43.985 0.0000000000
11245  -41.859  -33.092  58.958 0.0000000000
11246  -40.875  -33.863  58.318 0.0000000000
11247  -41.690  -33.551  57.541 0.0000000000
11248  -37.763  -33.128  47.528 0.0000000000
11249  -37.505  -33.838  48.226 0.0000000000
11250  -36.523  -33.658  46.674 0.0000000000
11251  -35.414  -34.126  45.921 0.0000000000
11255  -39.993  -28.830  41.683 0.0000000000
11256  -38.770  -29.356  40.913 0.0000000000
11257  -39.282  -28.845  40.274 0.0000000000
12197  -57.677  -16.131  39.851 0.0000000000
12198  -57.858  -16.006  38.814 0.0000000000
12199  -57.266  -16.982  37.877 0.0000000000
12200  -57.910  -15.882  37.751 0.0000000000
12250  -25.802  -33.793  67.171 0.0000000000
12251  -24.907  -34.422  65.678 0.0000000000
12252  -25.801  -34.307  65.138 0.0000000000
12253  -26.518  -37.199  54.648 0.0000000000
12254  -25.770  -37.456  54.975 0.0000000000
12255  -26.062  -38.528  53.993 0.0000000000
12256  -26.109  -40.077  54.026 0.0000000000
12257  -26.557  -39.669  53.471 0.0000000000
12258  -33.939  -36.040  53.170 0.0000000000
12259  -33.025  -36.182  53.494 0.0000000000
12260  -32.657  -36.386  52.305 0.0000000000
13615  -43.003  -28.451  45.133 0.0000000000
13616  -43.245  -27.734  44.307 0.0000000000
13617  -44.149  -27.729  45.700 0.0000000000
13618  -46.964  -25.916  48.120 0.0000000000
13619  -46.158  -26.111  46.718 0.0000000000
13620  -47.177  -25.296  47.180 0.0000000000
13621  -47.444  -24.780  46.272 0.0000000000
13622  -48.195  -24.494  47.615 0.0000000000
13645  -44.901  -31.039  55.813 0.0000000000
13646  -43.894  -32.034  55.217 0.0000000000
13647  -44.456  -31.388  54.393 0.0000000000
13648  -43.165  -31.003  50.694 0.0000000000
13649  -42.784  -31.617  51.462 0.0000000000
13650  -41.774  -31.509  49.981 0.0000000000
13651  -40.353  -32.064  49.213 0.0000000000
13652  -40.741  -31.379  48.305 0.0000000000
13653  -39.890  -31.242  46.950 0.0000000000
13654  -41.284  -30.808  47.695 0.0000000000
13655  -43.563  -29.193  47.224 0.0000000000
13656  -42.212  -29.723  46.431 0.0000000000
13657  -42.611  -29.141  45.767 0.0000000000
13658  -41.714  -29.041  44.403 0.0000000000
14650  -29.734  -33.812  65.604 0.0000000000
14651  -28.682  -34.219  63.997 0.0000000000
14652  -29.689  -34.324  63.705 0.0000000000
14653  -30.566  -35.164  59.910 0.0000000000
14654  -29.567  -35.124  60.178 0.0000000000
14655  -29.490  -35.435  58.554 0.0000000000
14656  -28.393  -35.750  57.161 0.0000000000
14657  -29.385  -35.747  56.967 0.0000000000
16368  -43.670  -26.419  42.459 0.0000000000
16369  -42.865  -26.506  41.010 0.0000000000
16370  -43.976  -25.903  41.509 0.0000000000
16371  -45.846  -24.854  40.132 0.0000000000
16372  -44.741  -25.298  39.594 0.0000000000
16373  -45.174  -25.148  38.709 0.0000000000
16378  -49.427  -23.351  40.918 0.0000000000
16379  -48.673  -23.545  39.515 0.0000000000
16380  -49.701  -23.081  39.983 0.0000000000
16381  -50.032  -22.803  39.053 0.0000000000
16382  -50.699  -22.559  40.406 0.0000000000
16450  -38.001  -33.978  61.861 0.0000000000
16451  -36.903  -34.502  60.772 0.0000000000
16452  -37.999  -34.435  60.224 0.0000000000
16453  -38.586  -34.815  56.583 0.0000000000
16454  -37.691  -34.913  57.112 0.0000000000
16455  -37.469  -35.155  55.653 0.0000000000
16456  -36.346  -35.436  54.782 0.0000000000
16457  -37.148  -35.337  54.219 0.0000000000
16458  -41.361  -33.489  53.785 0.0000000000
16459  -40.789  -34.017  54.521 0.0000000000
16460  -40.080  -34.063  52.947 0.0000000000
16461  -36.998  -34.855  49.718 0.0000000000
16462  -37.838  -34.930  51.346 0.0000000000
16463  -36.609  -35.169  50.554 0.0000000000
16464  -36.108  -35.469  51.364 0.0000000000
16480  -38.126  -31.046  44.222 0.0000000000
17828  -41.738  -31.745  61.487 0.0000000000
17838  -45.174  -29.920  58.361 0.0000000000
19264  -49.252  -24.466  52.374 0.0000000000
19267  -50.678  -22.040  51.233 0.0000000000
19268  -51.210  -21.739  50.381 0.0000000000
19269  -50.539  -22.652  48.840 0.0000000000
19270  -51.739  -21.556  49.571 0.0000000000
19276  -53.702  -20.127  48.382 0.0000000000
19277  -52.670  -21.293  47.898 0.0000000000
19278  -53.000  -21.193  46.974 0.0000000000
19279  -52.076  -22.071  45.403 0.0000000000
19280  -53.262  -21.105  46.014 0.0000000000
19281  -54.726  -19.812  44.246 0.0000000000
19282  -53.640  -20.805  43.967 0.0000000000
19283  -53.873  -20.588  42.858 0.0000000000
19284  -52.985  -21.148  41.447 0.0000000000
19285  -54.129  -20.325  41.812 0.0000000000
19303  -56.542  -16.401  42.691 0.0000000000
19304  -56.465  -18.176  39.977 0.0000000000
19305  -56.286  -18.317  41.051 0.0000000000
19306  -55.574  -19.052  39.822 0.0000000000
19307  -54.524  -19.822  39.604 0.0000000000
19308  -54.730  -19.615  38.541 0.0000000000
19309  -53.911  -20.163  37.183 0.0000000000
19310  -54.954  -19.432  37.542 0.0000000000
19311  -56.042  -18.497  35.620 0.0000000000
19312  -55.359  -19.255  35.472 0.0000000000
19313  -55.530  -19.260  34.466 0.0000000000
19316  -58.457  -14.651  35.233 0.0000000000
19317  -57.875  -15.760  35.523 0.0000000000
19318  -57.764  -15.660  34.412 0.0000000000
19468  -23.263  -35.594  62.853 0.0000000000
19469  -22.383  -35.738  63.286 0.0000000000
19470  -22.472  -36.307  61.522 0.0000000000
19471  -21.844  -37.249  60.345 0.0000000000
19472  -22.646  -36.915  59.823 0.0000000000
19473  -26.737  -35.067  61.042 0.0000000000
19474  -25.817  -35.164  61.405 0.0000000000
19475  -25.821  -35.579  59.637 0.0000000000
19477  -24.272  -37.158  57.109 0.0000000000
19482  -25.027  -41.168  56.187 0.0000000000
19488  -34.830  -35.022  58.483 0.0000000000
19489  -33.731  -35.063  58.842 0.0000000000
19490  -33.645  -35.271  57.356 0.0000000000
19491  -31.200  -36.328  53.958 0.0000000000
19492  -31.383  -36.004  55.117 0.0000000000
19493  -30.182  -36.448  54.037 0.0000000000
19494  -29.188  -36.587  54.147 0.0000000000
19495  -29.107  -37.211  53.115 0.0000000000
19502  -28.302  -40.003  52.407 0.0000000000
23146  -44.822  -28.440  47.981 0.0000000000
23147  -44.982  -27.694  47.076 0.0000000000
23148  -45.868  -27.593  48.498 0.0000000000
23149  -46.813  -26.630  48.904 0.0000000000
23150  -47.737  -25.624  49.350 0.0000000000
23164  -46.043  -29.726  54.322 0.0000000000
23165  -44.954  -30.761  53.673 0.0000000000
23166  -45.371  -30.126  52.926 0.0000000000
23167  -44.508  -30.371  51.440 0.0000000000
23168  -43.497  -30.383  49.857 0.0000000000
23169  -42.659  -30.360  48.501 0.0000000000
23170  -43.984  -29.782  49.245 0.0000000000
23171  -44.450  -29.152  48.633 0.0000000000
23726  -52.703  -21.679  34.575 0.0000000000
23767  -31.726  -34.092  64.935 0.0000000000
23768  -30.696  -34.460  63.408 0.0000000000
23769  -31.660  -34.558  63.102 0.0000000000
23770  -31.624  -34.856  61.295 0.0000000000
23771  -31.579  -35.136  59.627 0.0000000000
24798  -45.841  -25.163  43.462 0.0000000000
24799  -45.121  -25.340  42.065 0.0000000000
24800  -46.214  -24.813  42.541 0.0000000000
24801  -46.612  -24.608  41.632 0.0000000000
24802  -46.989  -24.447  40.722 0.0000000000
24803  -47.307  -24.252  39.817 0.0000000000
24804  -48.082  -24.023  41.227 0.0000000000
24805  -49.139  -23.582  41.774 0.0000000000
24806  -50.198  -23.090  42.283 0.0000000000
24847  -40.086  -33.625  60.512 0.0000000000
24848  -39.049  -34.315  59.659 0.0000000000
24849  -39.973  -34.090  59.030 0.0000000000
24850  -39.715  -34.405  57.464 0.0000000000
24851  -39.339  -34.663  55.946 0.0000000000
24852  -39.625  -33.365  50.742 0.0000000000
24853  -39.303  -34.026  51.425 0.0000000000
24854  -38.462  -33.951  49.890 0.0000000000
24855  -37.282  -34.442  48.994 0.0000000000
24856  -36.070  -34.762  48.134 0.0000000000
24857  -34.878  -35.062  47.424 0.0000000000
24858  -35.180  -34.673  46.620 0.0000000000
24865  -39.128  -29.930  42.987 0.0000000000
24867  -38.303  -29.878  41.583 0.0000000000
26544  -54.760  -18.809  47.548 0.0000000000
26545  -54.276  -20.058  46.412 0.0000000000
26546  -55.053  -18.793  46.484 0.0000000000
26547  -55.336  -18.778  45.411 0.0000000000
26548  -55.612  -18.735  44.296 0.0000000000
26558  -56.838  -15.341  41.245 0.0000000000
26559  -56.992  -16.284  41.788 0.0000000000
26560  -57.419  -16.200  40.870 0.0000000000
26561  -57.190  -17.182  40.003 0.0000000000
26562  -56.585  -18.032  38.933 0.0000000000
26563  -55.885  -18.698  37.777 0.0000000000
26564  -56.624  -17.904  37.924 0.0000000000
26565  -56.598  -17.784  36.801 0.0000000000
26566  -56.580  -17.713  35.753 0.0000000000
26567  -58.297  -14.608  32.925 0.0000000000
26568  -57.699  -15.651  33.274 0.0000000000
26569  -57.635  -15.724  32.166 0.0000000000
26656  -23.993  -33.915  68.108 0.0000000000
26657  -23.170  -34.601  66.621 0.0000000000
26658  -24.037  -34.514  66.177 0.0000000000
26659  -24.076  -35.006  64.221 0.0000000000
26660  -24.077  -35.452  62.303 0.0000000000
26661  -26.644  -35.886  57.636 0.0000000000
26662  -25.779  -36.030  57.919 0.0000000000
26663  -25.757  -36.616  56.332 0.0000000000
26664  -25.100  -37.737  55.352 0.0000000000
26665  -24.966  -39.324  55.042 0.0000000000
26666  -25.324  -40.854  55.364 0.0000000000
26667  -25.691  -40.536  54.672 0.0000000000
26670  -34.523  -35.508  55.586 0.0000000000
26671  -33.540  -35.532  55.910 0.0000000000
26672  -33.330  -35.848  54.663 0.0000000000
26673  -32.107  -36.249  53.713 0.0000000000
26674  -30.921  -36.730  52.866 0.0000000000
29044  -41.263  -28.333  42.439 0.0000000000
29045  -41.529  -27.699  41.515 0.0000000000
29046  -42.345  -27.715  42.903 0.0000000000
29047  -43.454  -27.047  43.392 0.0000000000
29048  -44.517  -26.343  43.910 0.0000000000
29049  -45.140  -26.934  46.205 0.0000000000
29050  -45.370  -26.231  45.327 0.0000000000
29051  -45.603  -25.660  44.428 0.0000000000
29052  -46.634  -24.985  44.840 0.0000000000
29053  -47.770  -24.402  45.316 0.0000000000
29054  -48.927  -23.842  45.777 0.0000000000
29086  -43.478  -32.202  57.439 0.0000000000
29087  -42.472  -33.143  56.780 0.0000000000
29088  -43.229  -32.622  56.039 0.0000000000
29089  -42.659  -32.815  54.536 0.0000000000
29090  -41.881  -32.901  53.007 0.0000000000
29091  -43.722  -31.598  52.987 0.0000000000
29092  -42.336  -32.251  52.220 0.0000000000
29093  -40.935  -32.833  51.509 0.0000000000
29094  -40.016  -32.726  50.017 0.0000000000
29095  -39.005  -32.574  48.402 0.0000000000
29096  -38.014  -32.387  46.803 0.0000000000
29097  -37.148  -32.279  45.451 0.0000000000
29098  -38.481  -31.736  46.200 0.0000000000
29099  -38.979  -31.128  45.566 0.0000000000
29100  -39.473  -30.556  44.945 0.0000000000
29101  -41.786  -30.291  47.096 0.0000000000
29102  -40.851  -30.167  45.669 0.0000000000
29103  -39.987  -30.031  44.324 0.0000000000
29104  -40.395  -29.501  43.658 0.0000000000
29105  -40.836  -28.945  43.049 0.0000000000
30421  -58.423  -14.756  37.509 0.0000000000
30422  -58.584  -13.649  37.105 0.0000000000
30423  -58.822  -13.545  36.028 0.0000000000
30424  -58.981  -13.508  34.881 0.0000000000
30427  -59.049  -13.481  33.755 0.0000000000
30428  -59.106  -13.580  32.578 0.0000000000
30493  -27.708  -33.635  66.295 0.0000000000
30494  -26.739  -34.187  64.753 0.0000000000
30495  -27.689  -34.152  64.317 0.0000000000
30496  -27.673  -34.603  62.479 0.0000000000
30497  -27.657  -35.023  60.706 0.0000000000
30498  -29.657  -34.761  61.897 0.0000000000
30499  -28.584  -35.050  60.406 0.0000000000
30500  -27.597  -35.397  59.017 0.0000000000
30501  -27.493  -35.781  57.371 0.0000000000
30502  -27.352  -36.285  55.777 0.0000000000
30503  -27.285  -36.928  54.441 0.0000000000
32829  -41.801  -27.123  40.485 0.0000000000
32830  -42.163  -26.680  39.521 0.0000000000
32832  -44.361  -25.514  40.574 0.0000000000
32845  -50.343  -22.618  38.065 0.0000000000
32846  -51.294  -22.050  38.457 0.0000000000
32932  -35.808  -34.141  62.997 0.0000000000
32933  -34.799  -34.562  61.822 0.0000000000
32934  -35.825  -34.525  61.304 0.0000000000
32935  -35.811  -34.765  59.568 0.0000000000
32936  -35.798  -34.987  58.063 0.0000000000
32937  -37.861  -34.701  58.626 0.0000000000
32938  -36.765  -34.968  57.622 0.0000000000
32939  -35.677  -35.241  56.620 0.0000000000
32940  -35.479  -35.498  55.253 0.0000000000
32941  -35.203  -35.721  53.987 0.0000000000
32942  -34.713  -35.898  52.697 0.0000000000
32943  -41.312  -33.869  56.020 0.0000000000
32944  -40.124  -34.420  55.258 0.0000000000
32945  -38.963  -34.863  54.385 0.0000000000
32946  -38.952  -34.564  52.117 0.0000000000
32947  -38.477  -34.949  52.879 0.0000000000
32948  -37.872  -35.184  53.568 0.0000000000
32949  -36.713  -35.400  52.830 0.0000000000
32950  -35.438  -35.718  52.072 0.0000000000
32971  -36.401  -32.204  44.141 0.0000000000
34525  -47.782  -27.312  53.189 0.0000000000
34526  -48.167  -26.555  52.605 0.0000000000
34615  -24.699  -33.167  69.296 0.0000000000
34626  -27.547  -33.055  67.888 0.0000000000
34627  -28.585  -33.054  67.563 0.0000000000
34628  -29.556  -33.157  67.111 0.0000000000
34633  -32.573  -33.566  65.941 0.0000000000
34634  -33.582  -33.593  65.484 0.0000000000
34635  -34.606  -33.629  64.940 0.0000000000
34662  -35.698  -33.587  64.340 0.0000000000
34663  -36.739  -33.527  63.719 0.0000000000
34664  -37.836  -33.428  63.134 0.0000000000
34665  -38.939  -33.291  62.465 0.0000000000
34667  -39.711  -32.340  62.936 0.0000000000
34668  -39.941  -33.081  61.760 0.0000000000
34669  -40.974  -32.789  61.002 0.0000000000
34670  -41.925  -32.499  60.238 0.0000000000
34671  -42.743  -32.095  59.456 0.0000000000
34680  -43.530  -31.622  58.663 0.0000000000
34681  -44.332  -31.106  57.857 0.0000000000
34682  -45.127  -30.543  57.120 0.0000000000
34688  -47.387  -27.962  53.982 0.0000000000
36420  -48.401  -25.837  51.761 0.0000000000
36421  -48.542  -25.150  50.832 0.0000000000
36422  -48.732  -24.508  49.961 0.0000000000
36423  -50.280  -22.461  52.143 0.0000000000
36424  -49.742  -23.324  50.599 0.0000000000
36425  -48.997  -23.993  49.078 0.0000000000
36426  -49.362  -23.599  48.206 0.0000000000
36427  -49.787  -23.366  47.353 0.0000000000
36428  -50.213  -23.144  46.512 0.0000000000
36435  -52.236  -21.408  48.761 0.0000000000
36436  -51.446  -22.333  47.170 0.0000000000
36437  -50.570  -22.995  45.614 0.0000000000
36438  -50.903  -22.835  44.716 0.0000000000
36439  -51.158  -22.669  43.855 0.0000000000
36440  -51.373  -22.431  42.946 0.0000000000
36441  -53.442  -20.953  45.033 0.0000000000
36442  -52.537  -21.643  43.551 0.0000000000
36443  -51.584  -22.176  41.986 0.0000000000
36444  -51.866  -21.893  40.990 0.0000000000
36445  -52.127  -21.643  39.981 0.0000000000
36446  -52.381  -21.371  38.977 0.0000000000
36466  -56.115  -17.559  44.070 0.0000000000
36467  -55.860  -18.642  43.189 0.0000000000
36468  -56.741  -17.375  42.063 0.0000000000
36469  -56.117  -18.487  42.118 0.0000000000
36470  -55.174  -19.484  42.030 0.0000000000
36471  -54.321  -20.078  40.681 0.0000000000
36472  -53.479  -20.650  39.293 0.0000000000
36473  -52.629  -21.125  37.848 0.0000000000
36474  -52.917  -20.941  36.852 0.0000000000
36475  -53.184  -20.850  35.832 0.0000000000
36476  -53.572  -20.845  34.861 0.0000000000
36477  -55.168  -19.297  36.523 0.0000000000
36478  -54.459  -20.006  35.164 0.0000000000
36479  -54.016  -20.888  33.992 0.0000000000
36483  -57.912  -15.832  36.665 0.0000000000
36484  -57.223  -16.786  35.749 0.0000000000
36485  -56.598  -17.667  34.711 0.0000000000
36486  -57.125  -16.709  33.566 0.0000000000
36487  -56.614  -17.703  33.636 0.0000000000
36488  -56.150  -18.539  33.616 0.0000000000
36667  -22.344  -35.224  65.193 0.0000000000
36673  -25.807  -34.735  63.249 0.0000000000
36674  -24.943  -35.314  61.799 0.0000000000
36675  -24.153  -35.882  60.527 0.0000000000
36676  -24.960  -36.221  58.268 0.0000000000
36677  -24.169  -36.433  58.713 0.0000000000
36678  -23.457  -36.673  59.303 0.0000000000
36679  -22.890  -37.792  58.256 0.0000000000
36691  -33.701  -34.832  60.499 0.0000000000
36692  -32.643  -35.074  59.257 0.0000000000
36693  -31.562  -35.374  58.007 0.0000000000
36694  -32.553  -35.585  56.212 0.0000000000
36695  -31.544  -35.660  56.544 0.0000000000
36696  -30.430  -35.717  56.745 0.0000000000
36697  -29.297  -36.117  55.463 0.0000000000
36698  -28.199  -36.738  54.269 0.0000000000
36699  -27.395  -37.796  53.430 0.0000000000
36701  -30.713  -37.235  51.870 0.0000000000
36702  -29.887  -37.590  52.166 0.0000000000
36705  -29.123  -37.961  52.379 0.0000000000
36706  -28.379  -38.451  52.500 0.0000000000
36707  -27.679  -38.868  52.756 0.0000000000
36708  -27.086  -39.294  53.038 0.0000000000
41020  -46.815  -27.986  51.305 0.0000000000
41021  -46.937  -27.619  50.852 0.0000000000
41022  -47.284  -27.439  51.497 0.0000000000
41030  -47.010  -28.109  52.357 0.0000000000
41031  -46.456  -28.670  52.012 0.0000000000
41032  -46.610  -28.332  51.616 0.0000000000
41033  -46.251  -28.490  50.971 0.0000000000
41338  -51.135  -22.134  37.290 0.0000000000
41339  -50.868  -22.371  36.600 0.0000000000
41340  -51.310  -22.063  36.745 0.0000000000
41341  -51.491  -21.999  36.271 0.0000000000
41342  -51.753  -21.744  36.915 0.0000000000
41365  -34.242  -34.197  63.801 0.0000000000
41366  -33.739  -34.424  63.183 0.0000000000
41367  -34.213  -34.408  62.915 0.0000000000
41935  -40.105  -28.285  40.361 0.0000000000
41936  -40.286  -28.056  39.836 0.0000000000
41937  -40.590  -27.998  40.569 0.0000000000
41938  -48.719  -23.888  44.627 0.0000000000
41939  -48.326  -24.041  43.959 0.0000000000
41940  -48.889  -23.838  44.180 0.0000000000
41941  -49.068  -23.770  43.757 0.0000000000
41942  -49.466  -23.600  44.453 0.0000000000
41965  -42.307  -32.865  58.616 0.0000000000
41966  -41.810  -33.340  58.269 0.0000000000
41967  -42.218  -33.119  57.906 0.0000000000
41968  -37.247  -33.032  46.736 0.0000000000
41969  -37.136  -33.399  47.106 0.0000000000
41975  -40.200  -28.547  41.362 0.0000000000
41976  -39.611  -28.818  40.983 0.0000000000
41977  -39.843  -28.542  40.657 0.0000000000
41978  -39.555  -28.594  39.926 0.0000000000
42916  -58.086  -14.906  39.057 0.0000000000
42917  -57.983  -15.502  39.235 0.0000000000
42918  -58.090  -15.434  38.677 0.0000000000
42919  -57.893  -15.959  38.276 0.0000000000
42920  -58.142  -15.359  38.166 0.0000000000
42970  -26.253  -33.717  66.942 0.0000000000
42971  -25.776  -34.079  66.148 0.0000000000
42972  -26.246  -34.016  65.873 0.0000000000
42973  -26.566  -37.653  54.055 0.0000000000
42974  -26.218  -37.810  54.233 0.0000000000
42975  -26.366  -38.357  53.809 0.0000000000
42976  -26.282  -39.128  53.678 0.0000000000
42977  -26.559  -38.905  53.502 0.0000000000
42978  -33.705  -36.128  52.530 0.0000000000
42979  -33.303  -36.220  52.739 0.0000000000
42980  -33.070  -36.310  52.109 0.0000000000
44335  -43.476  -28.480  45.829 0.0000000000
44336  -43.563  -28.114  45.418 0.0000000000
44337  -44.015  -28.101  46.123 0.0000000000
44338  -47.434  -25.452  48.288 0.0000000000
44339  -47.053  -25.588  47.635 0.0000000000
44340  -47.551  -25.148  47.845 0.0000000000
44341  -47.672  -24.892  47.405 0.0000000000
44342  -48.032  -24.722  48.052 0.0000000000
44365  -45.226  -30.712  55.475 0.0000000000
44366  -44.711  -31.246  55.089 0.0000000000
44367  -45.012  -30.922  54.779 0.0000000000
44368  -42.671  -30.956  49.915 0.0000000000
44369  -42.501  -31.241  50.371 0.0000000000
44370  -42.008  -31.211  49.585 0.0000000000
44371  -41.269  -31.461  49.158 0.0000000000
44372  -41.500  -31.161  48.745 0.0000000000
44373  -41.051  -31.078  48.034 0.0000000000
44374  -41.731  -30.867  48.406 0.0000000000
44375  -43.753  -28.848  46.896 0.0000000000
44376  -43.088  -29.172  46.466 0.0000000000
44377  -43.290  -28.841  46.173 0.0000000000
44378  -42.824  -28.814  45.471 0.0000000000
45370  -30.222  -33.892  65.397 0.0000000000
45371  -29.714  -34.121  64.610 0.0000000000
45372  -30.203  -34.184  64.457 0.0000000000
45373  -30.507  -35.293  59.108 0.0000000000
45374  -30.021  -35.292  59.208 0.0000000000
45375  -29.965  -35.435  58.427 0.0000000000
45376  -29.430  -35.587  57.740 0.0000000000
45377  -29.926  -35.576  57.659 0.0000000000
47088  -44.242  -26.090  42.746 0.0000000000
47089  -43.827  -26.139  42.005 0.0000000000
47090  -44.371  -25.832  42.242 0.0000000000
47091  -46.062  -24.775  39.722 0.0000000000
47092  -45.502  -24.980  39.413 0.0000000000
47098  -49.925  -23.100  41.149 0.0000000000
47099  -49.564  -23.217  40.446 0.0000000000
47100  -50.060  -22.977  40.685 0.0000000000
47101  -50.211  -22.825  40.205 0.0000000000
47102  -50.557  -22.731  40.892 0.0000000000
47170  -38.516  -33.933  61.477 0.0000000000
47171  -38.021  -34.216  61.066 0.0000000000
47172  -38.536  -34.181  60.734 0.0000000000
47173  -38.454  -34.957  55.818 0.0000000000
47174  -38.011  -34.990  56.108 0.0000000000
47175  -37.841  -35.107  55.333 0.0000000000
47176  -37.320  -35.255  54.933 0.0000000000
47177  -37.709  -35.194  54.611 0.0000000000
47178  -40.951  -33.484  53.008 0.0000000000
47179  -40.714  -33.786  53.371 0.0000000000
47180  -40.319  -33.774  52.627 0.0000000000
47181  -36.408  -34.981  49.379 0.0000000000
47182  -36.847  -35.019  50.185 0.0000000000
47183  -36.178  -35.149  49.721 0.0000000000
47184  -35.995  -35.314  50.182 0.0000000000
47185  -35.578  -35.281  49.370 0.0000000000
47200  -38.349  -30.764  43.910 0.0000000000
47202  -37.921  -30.701  43.260 0.0000000000
49989  -51.457  -21.652  49.959 0.0000000000
49994  -54.306  -19.462  48.065 0.0000000000
49995  -54.108  -19.474  48.520 0.0000000000
49996  -53.894  -20.116  47.896 0.0000000000
49997  -53.376  -20.684  47.711 0.0000000000
49998  -53.563  -20.695  47.212 0.0000000000
49999  -53.143  -21.153  46.507 0.0000000000
50000  -53.686  -20.644  46.746 0.0000000000
50001  -54.844  -19.735  43.690 0.0000000000
50002  -54.290  -20.250  43.540 0.0000000000
50003  -54.425  -20.158  43.015 0.0000000000
50004  -54.000  -20.464  42.320 0.0000000000
50005  -54.557  -20.024  42.497 0.0000000000
50019  -55.579  -15.476  41.762 0.0000000000
50021  -55.856  -15.678  42.306 0.0000000000
50022  -56.133  -16.027  42.753 0.0000000000
50023  -56.427  -15.936  42.371 0.0000000000
50024  -56.117  -18.531  39.391 0.0000000000
50025  -56.048  -18.614  39.956 0.0000000000
50026  -55.675  -18.935  39.316 0.0000000000
50027  -55.150  -19.343  39.199 0.0000000000
50028  -55.265  -19.221  38.677 0.0000000000
50029  -54.834  -19.505  38.047 0.0000000000
50030  -55.327  -19.147  38.145 0.0000000000
50031  -56.071  -18.465  35.109 0.0000000000
50032  -55.780  -18.850  35.032 0.0000000000
50033  -55.818  -18.855  34.521 0.0000000000
50035  -55.869  -18.875  34.041 0.0000000000
50036  -58.401  -14.615  34.665 0.0000000000
50037  -58.111  -15.153  34.823 0.0000000000
50038  -58.044  -15.126  34.242 0.0000000000
50187  -22.681  -34.339  67.843 0.0000000000
50188  -23.284  -35.838  61.878 0.0000000000
50189  -22.860  -35.912  62.175 0.0000000000
50190  -22.893  -36.186  61.279 0.0000000000
50191  -22.544  -36.591  60.663 0.0000000000
50192  -22.960  -36.438  60.425 0.0000000000
50193  -26.717  -35.261  60.159 0.0000000000
50194  -26.270  -35.313  60.308 0.0000000000
50195  -26.288  -35.507  59.522 0.0000000000
50201  -24.522  -40.627  56.222 0.0000000000
50208  -34.765  -35.132  57.700 0.0000000000
50209  -34.238  -35.159  57.915 0.0000000000
50210  -34.191  -35.265  57.170 0.0000000000
50211  -30.591  -36.591  53.468 0.0000000000
50212  -30.704  -36.366  53.974 0.0000000000
50213  -30.115  -36.657  53.522 0.0000000000
50214  -29.624  -36.770  53.564 0.0000000000
50215  -29.566  -37.038  53.100 0.0000000000
53935  -45.236  -28.388  48.660 0.0000000000
53936  -45.339  -28.021  48.236 0.0000000000
53937  -45.797  -27.946  48.922 0.0000000000
53938  -47.128  -26.878  49.964 0.0000000000
53939  -46.736  -26.999  49.335 0.0000000000
53940  -47.201  -26.505  49.543 0.0000000000
53941  -47.251  -26.117  49.118 0.0000000000
53942  -47.647  -25.959  49.757 0.0000000000
53965  -46.255  -29.412  53.935 0.0000000000
53966  -45.731  -29.941  53.621 0.0000000000
53967  -45.931  -29.644  53.202 0.0000000000
53968  -45.310  -29.643  51.404 0.0000000000
53969  -45.135  -29.944  51.772 0.0000000000
53970  -44.663  -30.026  51.010 0.0000000000
53971  -43.985  -30.386  50.632 0.0000000000
53972  -44.167  -30.071  50.234 0.0000000000
53973  -43.755  -30.087  49.593 0.0000000000
53974  -44.420  -29.759  49.933 0.0000000000
53975  -45.485  -28.698  49.656 0.0000000000
53976  -44.857  -29.105  49.289 0.0000000000
53977  -45.067  -28.764  48.983 0.0000000000
53978  -44.638  -28.813  48.313 0.0000000000
54891  -50.490  -23.030  35.373 0.0000000000
54898  -51.879  -22.005  35.321 0.0000000000
54902  -52.493  -21.662  35.008 0.0000000000
54970  -32.227  -34.116  64.760 0.0000000000
54971  -31.690  -34.366  64.006 0.0000000000
54972  -32.208  -34.368  63.860 0.0000000000
54973  -32.683  -34.739  61.826 0.0000000000
54974  -32.155  -34.722  62.057 0.0000000000
54975  -32.139  -34.861  61.132 0.0000000000
54976  -31.599  -35.002  60.427 0.0000000000
54977  -32.125  -34.999  60.296 0.0000000000
56683  -40.713  -27.687  38.804 0.0000000000
56688  -46.396  -24.891  43.683 0.0000000000
56689  -46.020  -24.991  42.981 0.0000000000
56690  -46.591  -24.723  43.207 0.0000000000
56691  -47.577  -24.328  42.582 0.0000000000
56692  -46.977  -24.508  42.302 0.0000000000
56693  -47.207  -24.428  41.895 0.0000000000
56694  -46.808  -24.537  41.181 0.0000000000
56695  -47.367  -24.338  41.419 0.0000000000
56696  -47.520  -24.246  40.977 0.0000000000
56697  -47.920  -24.144  41.675 0.0000000000
56698  -49.417  -23.568  42.895 0.0000000000
56699  -48.998  -23.701  42.194 0.0000000000
56700  -49.559  -23.461  42.447 0.0000000000
56701  -49.694  -23.348  42.008 0.0000000000
56702  -50.104  -23.207  42.711 0.0000000000
56770  -40.558  -33.485  60.129 0.0000000000
56771  -40.061  -33.882  59.782 0.0000000000
56772  -40.521  -33.765  59.399 0.0000000000
56773  -40.725  -34.039  57.557 0.0000000000
56774  -40.319  -34.160  57.913 0.0000000000
56775  -40.122  -34.298  57.129 0.0000000000
56776  -39.536  -34.535  56.692 0.0000000000
56777  -39.939  -34.423  56.397 0.0000000000
56778  -39.189  -33.333  49.951 0.0000000000
56779  -39.040  -33.661  50.306 0.0000000000
56780  -38.574  -33.624  49.497 0.0000000000
56781  -36.907  -34.085  47.788 0.0000000000
56782  -37.402  -34.163  48.598 0.0000000000
56783  -36.832  -34.376  48.213 0.0000000000
56784  -36.667  -34.623  48.554 0.0000000000
56785  -36.206  -34.557  47.787 0.0000000000
56786  -35.631  -34.718  47.406 0.0000000000
56787  -35.769  -34.480  47.037 0.0000000000
56800  -39.338  -29.659  42.602 0.0000000000
56801  -38.694  -29.902  42.286 0.0000000000
56802  -38.914  -29.628  41.924 0.0000000000
59598  -54.940  -18.117  47.438 0.0000000000
59599  -54.946  -18.799  47.025 0.0000000000
59601  -55.540  -17.521  45.689 0.0000000000
59602  -55.426  -18.130  45.862 0.0000000000
59603  -55.591  -18.150  45.339 0.0000000000
59604  -55.458  -18.772  44.832 0.0000000000
59605  -55.739  -18.162  44.774 0.0000000000
59617  -57.260  -14.614  40.151 0.0000000000
59618  -56.694  -14.449  40.038 0.0000000000
59619  -56.961  -14.774  40.494 0.0000000000
59621  -57.128  -15.220  40.867 0.0000000000
59622  -57.223  -15.711  41.142 0.0000000000
59623  -57.467  -15.645  40.732 0.0000000000
59624  -57.545  -16.638  39.417 0.0000000000
59625  -57.473  -16.676  39.977 0.0000000000
59626  -57.264  -17.142  39.476 0.0000000000
59627  -56.918  -17.634  39.496 0.0000000000
59628  -56.958  -17.601  38.953 0.0000000000
59629  -56.614  -17.981  38.418 0.0000000000
59630  -56.964  -17.519  38.461 0.0000000000
59631  -57.264  -16.910  37.334 0.0000000000
59632  -56.919  -17.402  37.374 0.0000000000
59633  -56.909  -17.336  36.832 0.0000000000
59634  -56.572  -17.736  36.288 0.0000000000
59635  -56.916  -17.303  36.302 0.0000000000
59636  -58.262  -14.660  32.342 0.0000000000
59637  -57.931  -15.152  32.551 0.0000000000
59785  -24.442  -33.913  67.887 0.0000000000
59786  -24.007  -34.245  67.114 0.0000000000
59787  -24.446  -34.198  66.889 0.0000000000
59788  -24.898  -34.650  64.675 0.0000000000
59789  -24.486  -34.703  64.945 0.0000000000
59790  -24.471  -34.950  63.944 0.0000000000
59791  -24.065  -35.235  63.230 0.0000000000
59792  -24.501  -35.167  62.981 0.0000000000
59793  -26.592  -36.119  56.820 0.0000000000
59794  -26.183  -36.205  56.971 0.0000000000
59795  -26.154  -36.490  56.184 0.0000000000
59796  -25.563  -38.163  54.651 0.0000000000
59797  -25.471  -37.619  55.130 0.0000000000
59798  -25.273  -38.354  54.848 0.0000000000
59799  -24.961  -38.518  55.106 0.0000000000
59800  -25.208  -39.135  54.716 0.0000000000
59801  -25.273  -39.919  54.788 0.0000000000
59802  -25.505  -39.769  54.453 0.0000000000
59803  -26.501  -40.658  53.925 0.0000000000
59804  -26.307  -40.856  54.271 0.0000000000
59808  -34.402  -35.650  54.923 0.0000000000
59809  -33.930  -35.668  55.145 0.0000000000
59810  -33.813  -35.825  54.522 0.0000000000
59811  -32.430  -36.367  53.084 0.0000000000
59812  -32.577  -36.208  53.637 0.0000000000
59813  -31.959  -36.404  53.189 0.0000000000
59814  -31.517  -36.458  53.282 0.0000000000
59815  -31.380  -36.632  52.799 0.0000000000
63880  -41.692  -28.359  43.095 0.0000000000
63881  -41.796  -28.026  42.637 0.0000000000
63882  -42.198  -28.074  43.330 0.0000000000
63883  -43.802  -27.386  44.568 0.0000000000
63884  -43.362  -27.390  43.864 0.0000000000
63885  -43.889  -27.024  44.130 0.0000000000
63886  -44.007  -26.694  43.661 0.0000000000
63887  -44.419  -26.673  44.376 0.0000000000
63888  -45.503  -27.259  47.378 0.0000000000
63889  -45.085  -27.297  46.669 0.0000000000
63890  -45.557  -26.889  46.909 0.0000000000
63891  -46.278  -25.780  46.289 0.0000000000
63892  -45.754  -26.180  46.011 0.0000000000
63893  -45.884  -25.868  45.564 0.0000000000
63894  -45.472  -25.935  44.857 0.0000000000
63895  -46.002  -25.585  45.088 0.0000000000
63896  -46.129  -25.310  44.642 0.0000000000
63897  -46.536  -25.227  45.354 0.0000000000
63898  -47.974  -24.447  46.451 0.0000000000
63899  -47.575  -24.579  45.758 0.0000000000
63900  -48.157  -24.259  45.994 0.0000000000
63901  -48.355  -24.112  45.555 0.0000000000
63902  -48.739  -23.955  46.233 0.0000000000
63970  -43.868  -31.916  57.032 0.0000000000
63971  -43.372  -32.434  56.726 0.0000000000
63972  -43.749  -32.161  56.327 0.0000000000
63973  -43.583  -32.144  54.484 0.0000000000
63974  -43.325  -32.476  54.931 0.0000000000
63975  -42.947  -32.561  54.130 0.0000000000
63976  -42.300  -32.865  53.775 0.0000000000
63977  -42.549  -32.592  53.372 0.0000000000
63978  -44.551  -30.878  52.934 0.0000000000
63979  -44.341  -31.205  53.331 0.0000000000
63980  -43.927  -31.291  52.624 0.0000000000
63981  -42.074  -31.871  51.105 0.0000000000
63982  -42.571  -31.942  51.884 0.0000000000
63983  -41.860  -32.223  51.492 0.0000000000
63984  -41.624  -32.546  51.875 0.0000000000
63985  -41.145  -32.502  51.132 0.0000000000
63986  -40.473  -32.783  50.770 0.0000000000
63987  -40.670  -32.441  50.385 0.0000000000
63988  -39.858  -31.980  48.374 0.0000000000
63989  -39.692  -32.321  48.798 0.0000000000
63990  -39.181  -32.223  47.986 0.0000000000
63991  -38.519  -32.478  47.583 0.0000000000
63992  -38.650  -32.132  47.171 0.0000000000
63993  -38.195  -32.079  46.477 0.0000000000
63994  -38.890  -31.811  46.870 0.0000000000
63995  -40.144  -30.952  46.632 0.0000000000
63996  -39.428  -31.182  46.248 0.0000000000
63997  -39.681  -30.902  45.951 0.0000000000
63998  -39.254  -30.840  45.281 0.0000000000
63999  -39.940  -30.622  45.636 0.0000000000
64000  -42.901  -30.084  48.220 0.0000000000
64001  -42.245  -30.337  47.820 0.0000000000
64002  -42.445  -30.066  47.510 0.0000000000
64003  -41.772  -29.669  45.746 0.0000000000
64004  -41.554  -29.947  46.096 0.0000000000
64005  -41.103  -29.883  45.399 0.0000000000
64006  -40.394  -30.093  44.974 0.0000000000
64007  -40.662  -29.826  44.676 0.0000000000
64008  -40.207  -29.766  43.995 0.0000000000
64009  -40.842  -29.564  44.342 0.0000000000
64010  -41.917  -28.731  44.079 0.0000000000
64011  -41.255  -28.999  43.714 0.0000000000
64012  -41.464  -28.686  43.402 0.0000000000
64013  -41.047  -28.632  42.736 0.0000000000
66832  -58.783  -12.996  36.357 0.0000000000
66833  -58.956  -12.942  35.832 0.0000000000
66834  -58.908  -13.517  35.472 0.0000000000
66835  -59.075  -12.921  35.246 0.0000000000
66842  -59.306  -12.913  34.121 0.0000000000
66843  -59.363  -12.944  33.542 0.0000000000
66844  -59.068  -13.522  33.173 0.0000000000
66845  -59.445  -12.972  32.969 0.0000000000
66985  -28.223  -33.645  66.087 0.0000000000
66986  -27.702  -33.926  65.302 0.0000000000
66987  -28.209  -33.928  65.119 0.0000000000
66988  -28.656  -34.436  63.033 0.0000000000
66989  -28.185  -34.389  63.247 0.0000000000
66990  -28.156  -34.624  62.280 0.0000000000
66991  -27.674  -34.831  61.558 0.0000000000
66992  -28.130  -34.828  61.408 0.0000000000
66993  -30.666  -34.668  62.515 0.0000000000
66994  -30.168  -34.594  62.653 0.0000000000
66995  -30.155  -34.795  61.804 0.0000000000
66996  -29.036  -35.248  59.479 0.0000000000
66997  -29.093  -35.080  60.289 0.0000000000
66998  -28.604  -35.228  59.601 0.0000000000
66999  -28.085  -35.213  59.701 0.0000000000
67000  -28.047  -35.403  58.840 0.0000000000
67001  -27.551  -35.575  58.190 0.0000000000
67002  -28.019  -35.571  58.061 0.0000000000
67003  -28.333  -35.928  56.325 0.0000000000
67004  -27.866  -35.977  56.467 0.0000000000
67005  -27.772  -36.221  55.664 0.0000000000
67006  -27.297  -36.589  55.037 0.0000000000
67007  -27.740  -36.497  54.974 0.0000000000
72138  -42.050  -27.379  41.714 0.0000000000
72139  -41.642  -27.388  40.995 0.0000000000
72140  -42.171  -27.100  41.246 0.0000000000
72141  -43.079  -26.259  40.570 0.0000000000
72142  -42.501  -26.558  40.260 0.0000000000
72143  -42.728  -26.365  39.793 0.0000000000
72146  -45.273  -25.178  41.555 0.0000000000
72147  -44.753  -25.415  41.333 0.0000000000
72148  -44.903  -25.278  40.836 0.0000000000
72149  -44.430  -25.466  38.864 0.0000000000
72168  -47.844  -24.026  40.117 0.0000000000
72170  -48.006  -23.922  39.686 0.0000000000
72171  -48.827  -23.417  39.045 0.0000000000
72177  -49.174  -23.208  38.158 0.0000000000
72178  -50.526  -22.538  39.253 0.0000000000
72179  -50.197  -22.677  38.587 0.0000000000
72180  -50.664  -22.439  38.749 0.0000000000
72181  -50.817  -22.330  38.245 0.0000000000
72182  -51.147  -22.161  38.961 0.0000000000
72385  -36.322  -34.140  62.685 0.0000000000
72386  -35.817  -34.373  62.125 0.0000000000
72387  -36.368  -34.353  61.876 0.0000000000
72388  -36.874  -34.627  59.954 0.0000000000
72389  -36.361  -34.651  60.181 0.0000000000
72390  -36.341  -34.773  59.354 0.0000000000
72391  -35.830  -34.889  58.824 0.0000000000
72392  -36.338  -34.858  58.601 0.0000000000
72393  -38.955  -34.457  58.899 0.0000000000
72394  -38.459  -34.511  59.158 0.0000000000
72395  -38.358  -34.642  58.372 0.0000000000
72396  -37.164  -35.111  56.632 0.0000000000
72397  -37.243  -34.987  57.365 0.0000000000
72398  -36.710  -35.132  56.908 0.0000000000
72399  -36.226  -35.116  57.132 0.0000000000
72400  -36.166  -35.261  56.407 0.0000000000
72401  -35.596  -35.377  55.926 0.0000000000
72402  -36.051  -35.368  55.710 0.0000000000
72403  -36.151  -35.531  54.098 0.0000000000
72404  -35.778  -35.576  54.360 0.0000000000
72405  -35.563  -35.654  53.689 0.0000000000
72406  -34.971  -35.809  53.328 0.0000000000
72407  -35.326  -35.749  53.048 0.0000000000
72408  -42.293  -33.304  56.049 0.0000000000
72409  -41.917  -33.518  56.443 0.0000000000
72410  -41.684  -33.644  55.671 0.0000000000
72411  -40.171  -34.276  54.101 0.0000000000
72412  -40.493  -34.234  54.898 0.0000000000
72413  -39.871  -34.480  54.480 0.0000000000
72414  -39.531  -34.654  54.815 0.0000000000
72415  -39.291  -34.743  54.016 0.0000000000
72416  -38.723  -34.307  50.965 0.0000000000
72417  -39.133  -34.332  51.758 0.0000000000
72418  -38.567  -34.557  51.343 0.0000000000
72419  -37.619  -35.078  51.717 0.0000000000
72420  -38.202  -34.955  52.149 0.0000000000
72421  -37.902  -35.083  52.461 0.0000000000
72422  -38.173  -35.077  53.196 0.0000000000
72423  -37.634  -35.207  52.843 0.0000000000
72424  -37.312  -35.292  53.201 0.0000000000
72425  -37.040  -35.324  52.481 0.0000000000
72426  -35.458  -35.600  50.977 0.0000000000
72427  -35.811  -35.590  51.742 0.0000000000
72428  -35.139  -35.754  51.346 0.0000000000
72429  -34.835  -35.838  51.740 0.0000000000
72430  -34.504  -35.885  51.000 0.0000000000
72475  -37.413  -31.969  45.158 0.0000000000
72476  -36.761  -32.239  44.796 0.0000000000
72477  -36.988  -31.940  44.498 0.0000000000
76383  -24.219  -33.202  69.463 0.0000000000
76414  -28.434  -32.667  68.178 0.0000000000
76428  -32.069  -33.478  66.197 0.0000000000
76502  -36.125  -33.211  64.646 0.0000000000
76503  -36.200  -33.573  64.019 0.0000000000
76504  -36.665  -33.186  64.331 0.0000000000
76508  -38.371  -33.384  62.772 0.0000000000
76509  -38.790  -32.948  63.017 0.0000000000
76513  -40.547  -31.643  62.732 0.0000000000
76514  -40.042  -31.769  63.046 0.0000000000
76515  -40.234  -32.225  62.613 0.0000000000
76516  -39.837  -32.729  62.357 0.0000000000
76517  -40.379  -32.605  62.007 0.0000000000
76518  -40.485  -32.925  61.408 0.0000000000
76519  -40.872  -32.459  61.625 0.0000000000
76520  -42.203  -31.554  61.112 0.0000000000
76521  -41.852  -32.128  60.900 0.0000000000
76522  -42.286  -31.942  60.487 0.0000000000
76523  -42.345  -32.301  59.832 0.0000000000
76524  -42.710  -31.742  60.102 0.0000000000
76546  -43.555  -31.292  59.289 0.0000000000
76547  -43.940  -31.046  58.883 0.0000000000
76548  -43.945  -31.374  58.237 0.0000000000
76549  -44.346  -30.798  58.483 0.0000000000
76551  -45.175  -30.246  57.737 0.0000000000
76552  -45.561  -29.937  57.354 0.0000000000
76553  -45.478  -30.231  56.690 0.0000000000
76568  -47.599  -27.671  53.565 0.0000000000
80823  -48.623  -25.893  52.934 0.0000000000
80824  -48.258  -26.209  52.172 0.0000000000
80825  -48.733  -25.488  52.516 0.0000000000
80826  -49.365  -24.155  51.950 0.0000000000
80827  -48.906  -24.821  51.588 0.0000000000
80828  -49.009  -24.528  51.143 0.0000000000
80829  -48.633  -24.829  50.389 0.0000000000
80830  -49.114  -24.185  50.726 0.0000000000
80834  -50.411  -22.509  50.458 0.0000000000
80835  -50.200  -22.716  50.897 0.0000000000
80836  -49.909  -23.097  50.156 0.0000000000
80837  -49.385  -23.676  49.818 0.0000000000
80838  -49.549  -23.482  49.376 0.0000000000
80839  -49.183  -23.795  48.637 0.0000000000
80840  -49.739  -23.282  48.961 0.0000000000
80841  -50.814  -22.528  48.490 0.0000000000
80842  -50.154  -23.025  48.086 0.0000000000
80843  -50.396  -22.938  47.703 0.0000000000
80844  -50.006  -23.255  46.932 0.0000000000
80845  -50.616  -22.832  47.302 0.0000000000
80857  -53.651  -19.524  49.472 0.0000000000
80862  -52.536  -20.882  49.498 0.0000000000
80863  -52.800  -20.831  49.066 0.0000000000
80864  -52.236  -21.763  47.096 0.0000000000
80865  -52.059  -21.826  47.548 0.0000000000
80866  -51.616  -22.237  46.757 0.0000000000
80867  -51.017  -22.685  46.398 0.0000000000
80868  -51.201  -22.589  45.965 0.0000000000
80869  -50.752  -22.907  45.165 0.0000000000
80870  -51.381  -22.505  45.526 0.0000000000
80871  -52.223  -21.968  44.968 0.0000000000
80872  -51.639  -22.387  44.631 0.0000000000
80873  -51.747  -22.285  44.171 0.0000000000
80874  -51.270  -22.577  43.378 0.0000000000
80875  -51.860  -22.152  43.734 0.0000000000
80876  -54.414  -19.986  45.923 0.0000000000
80877  -53.880  -20.552  45.739 0.0000000000
80878  -54.002  -20.454  45.245 0.0000000000
80879  -53.219  -21.115  43.290 0.0000000000
80880  -53.093  -21.244  43.791 0.0000000000
80881  -52.660  -21.524  43.046 0.0000000000
80882  -52.071  -21.919  42.789 0.0000000000
80883  -52.205  -21.775  42.282 0.0000000000
80884  -51.739  -22.022  41.511 0.0000000000
80885  -52.308  -21.652  41.774 0.0000000000
80886  -53.095  -21.028  40.912 0.0000000000
80887  -52.555  -21.403  40.722 0.0000000000
80888  -52.668  -21.290  40.193 0.0000000000
80889  -52.246  -21.508  39.472 0.0000000000
80890  -52.795  -21.133  39.698 0.0000000000
80939  -56.346  -16.975  43.362 0.0000000000
80940  -56.183  -16.980  43.849 0.0000000000
80941  -56.276  -17.551  43.538 0.0000000000
80942  -56.042  -18.124  43.645 0.0000000000
80943  -56.206  -18.086  43.134 0.0000000000
80944  -57.081  -16.794  41.461 0.0000000000
80945  -56.906  -16.859  41.949 0.0000000000
80946  -56.858  -17.336  41.542 0.0000000000
80947  -55.856  -18.773  40.998 0.0000000000
80948  -56.194  -18.388  41.584 0.0000000000
80949  -55.782  -18.866  41.543 0.0000000000
80950  -55.649  -18.996  42.114 0.0000000000
80951  -55.266  -19.344  41.489 0.0000000000
80952  -54.739  -19.806  41.351 0.0000000000
80953  -54.861  -19.653  40.859 0.0000000000
80954  -54.124  -20.094  38.922 0.0000000000
80955  -54.000  -20.224  39.445 0.0000000000
80956  -53.595  -20.494  38.744 0.0000000000
80957  -53.060  -20.878  38.577 0.0000000000
80958  -53.188  -20.755  38.047 0.0000000000
80959  -52.780  -21.034  37.346 0.0000000000
80960  -53.278  -20.657  37.530 0.0000000000
80961  -54.046  -20.088  36.688 0.0000000000
80962  -53.531  -20.484  36.509 0.0000000000
80963  -53.680  -20.417  36.025 0.0000000000
80964  -53.357  -20.815  35.344 0.0000000000
80965  -53.846  -20.407  35.471 0.0000000000
80966  -55.950  -18.618  37.274 0.0000000000
80967  -55.500  -19.014  37.132 0.0000000000
80968  -55.613  -18.929  36.634 0.0000000000
80969  -55.044  -19.635  34.794 0.0000000000
80970  -54.922  -19.638  35.304 0.0000000000
80971  -54.597  -20.029  34.645 0.0000000000
80972  -54.192  -20.408  34.537 0.0000000000
80981  -58.462  -14.722  36.933 0.0000000000
80982  -58.228  -15.312  37.066 0.0000000000
80983  -58.205  -15.290  36.501 0.0000000000
80984  -57.511  -16.234  35.107 0.0000000000
80985  -57.543  -16.267  35.676 0.0000000000
80986  -57.190  -16.738  35.190 0.0000000000
80987  -56.901  -17.229  35.261 0.0000000000
80988  -56.869  -17.213  34.678 0.0000000000
80989  -57.394  -16.207  32.884 0.0000000000
80990  -57.409  -16.181  33.454 0.0000000000
80991  -57.128  -16.730  33.007 0.0000000000
80993  -56.673  -17.729  33.135 0.0000000000
80995  -56.408  -18.114  33.637 0.0000000000
81438  -23.199  -34.871  65.693 0.0000000000
81439  -22.775  -34.915  65.916 0.0000000000
81440  -22.779  -35.176  64.951 0.0000000000
81441  -21.971  -36.096  62.614 0.0000000000
81442  -21.910  -35.812  63.506 0.0000000000
81447  -21.291  -37.038  61.379 0.0000000000
81448  -22.011  -37.679  59.552 0.0000000000
81449  -21.647  -37.862  59.840 0.0000000000
81450  -21.872  -38.376  59.094 0.0000000000
81452  -22.161  -38.884  58.477 0.0000000000
81453  -26.736  -34.429  63.756 0.0000000000
81454  -26.262  -34.454  63.989 0.0000000000
81455  -26.263  -34.700  63.010 0.0000000000
81456  -25.377  -35.417  60.722 0.0000000000
81457  -25.379  -35.188  61.612 0.0000000000
81458  -24.970  -35.505  60.922 0.0000000000
81459  -24.548  -35.591  61.172 0.0000000000
81460  -24.560  -35.810  60.271 0.0000000000
81461  -25.352  -36.380  57.246 0.0000000000
81462  -25.378  -36.115  58.112 0.0000000000
81463  -24.965  -36.509  57.443 0.0000000000
81464  -23.937  -37.317  57.385 0.0000000000
81465  -24.208  -36.779  57.890 0.0000000000
81466  -23.835  -36.917  58.130 0.0000000000
81467  -23.802  -36.544  59.008 0.0000000000
81468  -23.477  -37.058  58.417 0.0000000000
81469  -23.140  -37.187  58.745 0.0000000000
81470  -23.246  -37.647  57.936 0.0000000000
81483  -25.813  -41.395  55.368 0.0000000000
81484  -25.687  -41.550  55.766 0.0000000000
81498  -34.786  -34.673  60.921 0.0000000000
81499  -34.258  -34.736  61.160 0.0000000000
81500  -34.259  -34.819  60.284 0.0000000000
81501  -33.202  -35.200  58.286 0.0000000000
81502  -33.209  -35.072  59.072 0.0000000000
81503  -32.647  -35.210  58.473 0.0000000000
81504  -32.097  -35.231  58.624 0.0000000000
81505  -32.108  -35.341  57.870 0.0000000000
81506  -32.968  -35.717  55.416 0.0000000000
81507  -33.029  -35.532  56.076 0.0000000000
81508  -32.460  -35.729  55.544 0.0000000000
81509  -30.872  -36.011  55.228 0.0000000000
81510  -31.477  -35.837  55.801 0.0000000000
81511  -30.936  -35.880  55.895 0.0000000000
81512  -30.974  -35.673  56.625 0.0000000000
81513  -30.398  -35.874  56.016 0.0000000000
81514  -29.850  -35.892  56.088 0.0000000000
81515  -29.823  -36.073  55.402 0.0000000000
81516  -28.676  -36.960  53.673 0.0000000000
81517  -28.700  -36.608  54.223 0.0000000000
81518  -28.199  -37.092  53.719 0.0000000000
81519  -27.732  -37.198  53.807 0.0000000000
81520  -27.788  -37.674  53.310 0.0000000000
81526  -30.308  -37.767  51.568 0.0000000000
81527  -30.314  -37.429  52.009 0.0000000000
81528  -29.930  -37.978  51.737 0.0000000000
81534  -29.095  -39.174  51.877 0.0000000000
81535  -29.222  -38.430  52.011 0.0000000000
81536  -28.912  -38.665  52.160 0.0000000000
81537  -28.773  -38.226  52.413 0.0000000000
81538  -28.580  -38.969  52.255 0.0000000000
81539  -28.049  -40.189  52.621 0.0000000000
81540  -27.965  -39.403  52.576 0.0000000000
81541  -27.688  -39.668  52.729 0.0000000000
81542  -27.378  -39.058  52.911 0.0000000000
81543  -27.422  -39.872  52.909 0.0000000000
92266  -46.078  -28.250  49.998 0.0000000000
92267  -46.218  -27.859  49.601 0.0000000000
92268  -46.577  -27.760  50.231 0.0000000000
92269  -47.063  -27.234  50.446 0.0000000000
92270  -47.483  -26.722  50.621 0.0000000000
92284  -46.652  -28.784  53.136 0.0000000000
92285  -46.115  -29.318  52.839 0.0000000000
92286  -46.305  -29.000  52.445 0.0000000000
92287  -45.927  -29.177  51.735 0.0000000000
92288  -45.473  -29.312  50.945 0.0000000000
92289  -45.044  -29.393  50.255 0.0000000000
92290  -45.681  -28.958  50.638 0.0000000000
92291  -45.870  -28.615  50.294 0.0000000000
92838  -50.229  -22.725  36.907 0.0000000000
92840  -50.411  -22.685  36.427 0.0000000000
92841  -50.667  -22.660  35.985 0.0000000000
92842  -50.889  -22.680  35.519 0.0000000000
92843  -51.117  -22.709  35.076 0.0000000000
92844  -51.273  -22.303  35.652 0.0000000000
92845  -51.671  -21.966  35.811 0.0000000000
92846  -52.065  -21.651  35.908 0.0000000000
92887  -33.219  -34.209  64.282 0.0000000000
92888  -32.725  -34.418  63.655 0.0000000000
92889  -33.220  -34.421  63.431 0.0000000000
92890  -33.192  -34.609  62.505 0.0000000000
92891  -33.196  -34.741  61.615 0.0000000000
93917  -40.952  -27.524  39.511 0.0000000000
93918  -47.552  -24.388  44.146 0.0000000000
93919  -47.158  -24.507  43.455 0.0000000000
93920  -47.752  -24.272  43.704 0.0000000000
93921  -47.946  -24.184  43.274 0.0000000000
93922  -48.119  -24.115  42.805 0.0000000000
93923  -48.295  -24.027  42.380 0.0000000000
93924  -48.672  -23.908  43.061 0.0000000000
93925  -49.241  -23.678  43.311 0.0000000000
93926  -49.808  -23.411  43.573 0.0000000000
93967  -41.484  -33.251  59.417 0.0000000000
93968  -40.968  -33.645  59.058 0.0000000000
93969  -41.412  -33.508  58.651 0.0000000000
93970  -41.269  -33.713  57.900 0.0000000000
93971  -41.106  -33.888  57.165 0.0000000000
93972  -38.265  -33.218  48.322 0.0000000000
93973  -38.103  -33.580  48.699 0.0000000000
93974  -37.645  -33.503  47.869 0.0000000000
93975  -37.018  -33.747  47.435 0.0000000000
93976  -36.454  -33.991  47.059 0.0000000000
93977  -35.859  -34.208  46.658 0.0000000000
93978  -35.977  -33.897  46.307 0.0000000000
93979  -35.533  -33.811  45.563 0.0000000000
93985  -39.793  -29.125  42.013 0.0000000000
93986  -39.116  -29.362  41.596 0.0000000000
93987  -39.390  -29.096  41.313 0.0000000000
93988  -39.029  -29.090  40.596 0.0000000000
95678  -57.673  -15.044  40.027 0.0000000000
95679  -57.675  -15.604  40.219 0.0000000000
95680  -57.825  -15.556  39.726 0.0000000000
95681  -57.760  -16.079  39.330 0.0000000000
95682  -57.574  -16.578  38.889 0.0000000000
95683  -57.275  -17.050  38.411 0.0000000000
95684  -57.583  -16.515  38.365 0.0000000000
95685  -57.602  -16.459  37.819 0.0000000000
95686  -57.599  -16.415  37.276 0.0000000000
95776  -25.334  -33.802  67.395 0.0000000000
95777  -24.889  -34.154  66.650 0.0000000000
95778  -25.369  -34.125  66.428 0.0000000000
95779  -25.336  -34.367  65.410 0.0000000000
95780  -25.338  -34.593  64.412 0.0000000000
95781  -26.497  -36.765  55.289 0.0000000000
95782  -26.090  -36.865  55.437 0.0000000000
95783  -26.129  -37.307  54.797 0.0000000000
95784  -25.868  -37.963  54.414 0.0000000000
95785  -25.734  -38.714  54.199 0.0000000000
95786  -25.745  -39.508  54.200 0.0000000000
95787  -26.024  -39.305  53.928 0.0000000000
95788  -26.345  -39.921  53.727 0.0000000000
95789  -26.717  -40.501  53.589 0.0000000000
95790  -34.145  -35.940  53.770 0.0000000000
95791  -33.667  -35.999  53.953 0.0000000000
95792  -33.511  -36.105  53.354 0.0000000000
95793  -32.841  -36.275  52.915 0.0000000000
95794  -32.267  -36.492  52.523 0.0000000000
98233  -42.545  -28.435  44.455 0.0000000000
98234  -42.651  -28.085  44.003 0.0000000000
98235  -43.107  -28.099  44.698 0.0000000000
98236  -43.714  -27.735  45.013 0.0000000000
98237  -44.238  -27.362  45.259 0.0000000000
98238  -46.475  -26.376  47.850 0.0000000000
98239  -46.078  -26.470  47.187 0.0000000000
98240  -46.567  -26.027  47.432 0.0000000000
98241  -46.666  -25.696  46.967 0.0000000000
98242  -46.838  -25.390  46.531 0.0000000000
98243  -46.916  -25.129  46.056 0.0000000000
98244  -47.300  -25.015  46.739 0.0000000000
98245  -47.824  -24.650  46.949 0.0000000000
98246  -48.335  -24.296  47.122 0.0000000000
98287  -44.566  -31.343  56.269 0.0000000000
98288  -44.133  -31.867  55.948 0.0000000000
98289  -44.390  -31.544  55.525 0.0000000000
98290  -44.168  -31.688  54.816 0.0000000000
98291  -43.844  -31.825  54.065 0.0000000000
98292  -43.663  -30.991  51.470 0.0000000000
98293  -43.456  -31.299  51.846 0.0000000000
98294  -42.965  -31.278  51.104 0.0000000000
98295  -42.266  -31.576  50.705 0.0000000000
98296  -41.557  -31.829  50.367 0.0000000000
98297  -40.840  -32.107  49.977 0.0000000000
98298  -41.051  -31.788  49.563 0.0000000000
98299  -40.580  -31.722  48.770 0.0000000000
98300  -40.065  -31.630  47.959 0.0000000000
98301  -39.586  -31.580  47.249 0.0000000000
98302  -40.312  -31.309  47.616 0.0000000000
98303  -40.600  -31.010  47.316 0.0000000000
98304  -40.851  -30.743  47.024 0.0000000000
98305  -43.335  -29.524  47.538 0.0000000000
98306  -42.645  -29.770  47.141 0.0000000000
98307  -42.876  -29.496  46.815 0.0000000000
98308  -42.420  -29.449  46.103 0.0000000000
98309  -41.946  -29.388  45.385 0.0000000000
98310  -41.490  -29.346  44.707 0.0000000000
98311  -42.158  -29.095  45.084 0.0000000000
98312  -42.369  -28.773  44.766 0.0000000000
100096  -29.202  -33.759  65.707 0.0000000000
100097  -28.678  -33.980  64.899 0.0000000000
100098  -29.209  -34.035  64.798 0.0000000000
100099  -29.185  -34.276  63.811 0.0000000000
100100  -29.169  -34.496  62.899 0.0000000000
100101  -30.597  -35.025  60.731 0.0000000000
100102  -30.106  -34.991  60.863 0.0000000000
100103  -30.077  -35.149  60.054 0.0000000000
100104  -29.534  -35.301  59.335 0.0000000000
100105  -28.970  -35.421  58.656 0.0000000000
100106  -28.460  -35.576  57.981 0.0000000000
100107  -28.934  -35.580  57.870 0.0000000000
100108  -28.893  -35.738  57.046 0.0000000000
100109  -28.823  -35.940  56.265 0.0000000000
103188  -43.148  -26.748  42.230 0.0000000000
103189  -42.739  -26.759  41.501 0.0000000000
103190  -43.257  -26.459  41.736 0.0000000000
103191  -43.430  -26.187  41.280 0.0000000000
103192  -43.611  -25.963  40.798 0.0000000000
103193  -45.648  -24.930  40.593 0.0000000000
103194  -45.086  -25.153  40.333 0.0000000000
103195  -45.292  -25.052  39.859 0.0000000000
103196  -44.966  -25.201  39.152 0.0000000000
103206  -48.891  -23.581  40.643 0.0000000000
103207  -48.536  -23.690  39.961 0.0000000000
103208  -49.039  -23.451  40.211 0.0000000000
103209  -49.194  -23.307  39.747 0.0000000000
103210  -49.355  -23.189  39.299 0.0000000000
103211  -49.515  -23.064  38.850 0.0000000000
103212  -49.865  -22.934  39.523 0.0000000000
103213  -50.357  -22.677  39.725 0.0000000000
103214  -50.859  -22.401  39.922 0.0000000000
103336  -37.426  -34.055  62.171 0.0000000000
103337  -36.901  -34.318  61.618 0.0000000000
103338  -37.457  -34.267  61.333 0.0000000000
103339  -37.446  -34.454  60.504 0.0000000000
103340  -37.453  -34.585  59.739 0.0000000000
103341  -38.717  -34.703  57.313 0.0000000000
103342  -38.242  -34.761  57.598 0.0000000000
103343  -38.128  -34.879  56.861 0.0000000000
103344  -37.605  -35.051  56.393 0.0000000000
103345  -37.053  -35.202  55.936 0.0000000000
103346  -36.497  -35.358  55.471 0.0000000000
103347  -36.920  -35.296  55.227 0.0000000000
103348  -36.747  -35.398  54.532 0.0000000000
103349  -36.581  -35.469  53.834 0.0000000000
103350  -41.723  -33.464  54.546 0.0000000000
103351  -41.392  -33.709  54.875 0.0000000000
103352  -41.061  -33.747  54.111 0.0000000000
103353  -40.430  -34.049  53.736 0.0000000000
103354  -39.870  -34.304  53.348 0.0000000000
103355  -37.584  -34.722  50.116 0.0000000000
103356  -38.012  -34.755  50.924 0.0000000000
103357  -37.429  -34.897  50.544 0.0000000000
103358  -37.253  -35.048  50.967 0.0000000000
103359  -36.988  -35.203  51.346 0.0000000000
103360  -36.749  -35.337  51.755 0.0000000000
103361  -36.411  -35.321  50.975 0.0000000000
103362  -35.740  -35.462  50.571 0.0000000000
103390  -37.876  -31.352  44.557 0.0000000000
105807  -37.040  -32.677  64.535 0.0000000000
105808  -37.393  -32.209  64.637 0.0000000000
105815  -41.059  -31.498  62.401 0.0000000000
105816  -41.243  -31.918  61.843 0.0000000000
105817  -41.584  -31.330  62.058 0.0000000000
105834  -44.754  -30.163  58.777 0.0000000000
108399  -49.425  -24.430  53.563 0.0000000000
108400  -49.172  -24.832  52.807 0.0000000000
108401  -49.536  -24.070  53.154 0.0000000000
108402  -49.661  -23.753  52.691 0.0000000000
108403  -49.754  -23.458  52.285 0.0000000000
108407  -50.953  -21.888  50.792 0.0000000000
108408  -50.675  -22.342  50.055 0.0000000000
108409  -50.326  -22.783  49.268 0.0000000000
108410  -50.903  -22.220  49.615 0.0000000000
108411  -51.138  -22.150  49.189 0.0000000000
108412  -51.386  -22.032  48.827 0.0000000000
108420  -54.171  -18.773  49.045 0.0000000000
108421  -53.899  -19.502  49.004 0.0000000000
108422  -53.512  -20.168  48.851 0.0000000000
108423  -53.010  -20.778  48.611 0.0000000000
108424  -53.234  -20.764  48.142 0.0000000000
108425  -52.860  -21.241  47.434 0.0000000000
108426  -52.426  -21.693  46.645 0.0000000000
108427  -51.973  -22.103  45.847 0.0000000000
108428  -52.577  -21.644  46.219 0.0000000000
108429  -52.704  -21.583  45.759 0.0000000000
108430  -52.832  -21.498  45.288 0.0000000000
108431  -54.611  -19.902  44.792 0.0000000000
108432  -54.102  -20.403  44.684 0.0000000000
108433  -54.208  -20.335  44.120 0.0000000000
108434  -53.779  -20.685  43.425 0.0000000000
108435  -53.330  -20.996  42.722 0.0000000000
108436  -52.855  -21.276  41.968 0.0000000000
108437  -53.455  -20.880  42.160 0.0000000000
108438  -53.545  -20.763  41.598 0.0000000000
108439  -53.668  -20.630  41.098 0.0000000000
108469  -55.849  -16.108  43.132 0.0000000000
108470  -56.293  -16.455  43.103 0.0000000000
108471  -56.542  -16.928  42.904 0.0000000000
108472  -56.793  -17.758  40.543 0.0000000000
108473  -56.700  -17.802  41.061 0.0000000000
108474  -56.405  -18.242  40.532 0.0000000000
108475  -55.936  -18.703  40.450 0.0000000000
108476  -55.472  -19.120  40.370 0.0000000000
108477  -54.938  -19.538  40.273 0.0000000000
108478  -55.029  -19.435  39.727 0.0000000000
108479  -54.624  -19.696  39.084 0.0000000000
108480  -54.211  -19.985  38.378 0.0000000000
108481  -53.821  -20.270  37.710 0.0000000000
108482  -54.298  -19.890  37.857 0.0000000000
108483  -54.414  -19.796  37.362 0.0000000000
108484  -54.552  -19.722  36.877 0.0000000000
108485  -56.027  -18.533  36.179 0.0000000000
108486  -55.680  -18.899  36.103 0.0000000000
108487  -55.735  -18.874  35.559 0.0000000000
108488  -55.432  -19.246  34.958 0.0000000000
108489  -55.170  -19.677  34.291 0.0000000000
108494  -58.476  -14.677  35.791 0.0000000000
108495  -58.184  -15.250  35.921 0.0000000000
108496  -58.161  -15.201  35.376 0.0000000000
108497  -57.820  -15.700  34.967 0.0000000000
108498  -57.466  -16.209  34.548 0.0000000000
108499  -56.969  -17.355  32.009 0.0000000000
108500  -56.921  -17.286  32.558 0.0000000000
108767  -21.810  -35.014  66.279 0.0000000000
108768  -23.235  -35.345  63.773 0.0000000000
108769  -22.824  -35.421  64.017 0.0000000000
108770  -22.826  -35.663  63.075 0.0000000000
108771  -22.424  -36.020  62.404 0.0000000000
108772  -22.039  -36.408  61.732 0.0000000000
108773  -21.702  -36.861  61.130 0.0000000000
108774  -22.117  -36.743  60.892 0.0000000000
108775  -22.235  -37.100  60.059 0.0000000000
108776  -22.394  -37.494  59.274 0.0000000000
108777  -26.749  -34.857  61.932 0.0000000000
108778  -26.272  -34.902  62.142 0.0000000000
108779  -26.283  -35.105  61.244 0.0000000000
108780  -25.827  -35.368  60.545 0.0000000000
108781  -25.396  -35.628  59.832 0.0000000000
108782  -24.667  -37.449  56.178 0.0000000000
108783  -24.595  -36.991  56.857 0.0000000000
108785  -24.025  -37.774  56.662 0.0000000000
108787  -23.412  -38.152  57.271 0.0000000000
108790  -23.916  -40.267  56.776 0.0000000000
108792  -24.387  -40.845  56.631 0.0000000000
108793  -24.874  -41.336  56.619 0.0000000000
108794  -25.406  -41.790  56.660 0.0000000000
108804  -34.805  -34.902  59.234 0.0000000000
108805  -34.283  -34.926  59.453 0.0000000000
108806  -34.283  -35.050  58.669 0.0000000000
108807  -33.710  -35.187  58.074 0.0000000000
108808  -33.156  -35.307  57.509 0.0000000000
108809  -31.810  -36.112  54.410 0.0000000000
108810  -31.873  -35.929  54.996 0.0000000000
108811  -31.301  -36.145  54.482 0.0000000000
108812  -30.782  -36.207  54.546 0.0000000000
108813  -30.280  -36.240  54.658 0.0000000000
108814  -29.761  -36.296  54.709 0.0000000000
108815  -29.680  -36.495  54.082 0.0000000000
108816  -29.136  -36.857  53.596 0.0000000000
108817  -28.678  -37.338  53.185 0.0000000000
108827  -28.873  -40.180  52.123 0.0000000000
108828  -28.536  -39.669  52.229 0.0000000000
115444  -44.419  -28.485  47.312 0.0000000000
115445  -44.467  -28.079  46.830 0.0000000000
115446  -44.898  -28.055  47.517 0.0000000000
115447  -45.426  -27.657  47.798 0.0000000000
115448  -45.933  -27.181  48.027 0.0000000000
115449  -46.284  -27.498  49.144 0.0000000000
115450  -46.344  -27.093  48.684 0.0000000000
115451  -46.415  -26.731  48.262 0.0000000000
115452  -46.865  -26.257  48.490 0.0000000000
115453  -47.353  -25.780  48.745 0.0000000000
115454  -47.818  -25.296  48.938 0.0000000000
115486  -45.769  -30.052  54.703 0.0000000000
115487  -45.295  -30.590  54.372 0.0000000000
115488  -45.508  -30.274  53.989 0.0000000000
115489  -45.184  -30.450  53.297 0.0000000000
115490  -44.780  -30.574  52.593 0.0000000000
115491  -45.548  -29.812  52.485 0.0000000000
115492  -44.972  -30.276  52.210 0.0000000000
115493  -44.334  -30.653  51.852 0.0000000000
115494  -43.836  -30.688  51.056 0.0000000000
115495  -43.324  -30.689  50.254 0.0000000000
115496  -42.831  -30.669  49.474 0.0000000000
115497  -42.419  -30.642  48.799 0.0000000000
115498  -43.077  -30.374  49.185 0.0000000000
115499  -43.341  -30.090  48.914 0.0000000000
115500  -43.548  -29.795  48.576 0.0000000000
115501  -44.637  -29.439  49.608 0.0000000000
115502  -44.209  -29.481  48.932 0.0000000000
115503  -43.774  -29.511  48.242 0.0000000000
115504  -44.019  -29.181  47.944 0.0000000000
115505  -44.192  -28.843  47.598 0.0000000000
116793  -51.402  -22.767  34.723 0.0000000000
116893  -31.226  -34.020  65.101 0.0000000000
116894  -30.706  -34.240  64.331 0.0000000000
116895  -31.203  -34.314  64.151 0.0000000000
116896  -31.191  -34.528  63.255 0.0000000000
116897  -31.164  -34.717  62.372 0.0000000000
116898  -32.195  -34.577  62.946 0.0000000000
116899  -31.640  -34.724  62.190 0.0000000000
116900  -31.102  -34.883  61.447 0.0000000000
116901  -31.064  -35.016  60.570 0.0000000000
116902  -31.044  -35.161  59.745 0.0000000000
116903  -31.008  -35.278  58.947 0.0000000000
119298  -45.352  -25.452  43.269 0.0000000000
119299  -44.930  -25.538  42.512 0.0000000000
119300  -45.487  -25.255  42.775 0.0000000000
119301  -45.657  -25.087  42.271 0.0000000000
119302  -45.827  -24.932  41.799 0.0000000000
119303  -46.790  -24.610  42.779 0.0000000000
119304  -46.421  -24.707  42.101 0.0000000000
119305  -46.035  -24.814  41.375 0.0000000000
119306  -46.219  -24.730  40.884 0.0000000000
119307  -46.426  -24.651  40.455 0.0000000000
119308  -46.618  -24.565  40.001 0.0000000000
119309  -46.793  -24.483  39.530 0.0000000000
119310  -47.141  -24.354  40.244 0.0000000000
119311  -47.690  -24.134  40.523 0.0000000000
119312  -48.211  -23.933  40.788 0.0000000000
119313  -48.446  -23.917  41.918 0.0000000000
119314  -48.594  -23.825  41.484 0.0000000000
119315  -48.743  -23.702  41.105 0.0000000000
119316  -49.263  -23.462  41.318 0.0000000000
119317  -49.809  -23.232  41.606 0.0000000000
119318  -50.303  -22.971  41.829 0.0000000000
119413  -39.582  -33.758  60.840 0.0000000000
119414  -39.066  -34.122  60.396 0.0000000000
119415  -39.574  -34.042  60.102 0.0000000000
119416  -39.495  -34.207  59.320 0.0000000000
119417  -39.393  -34.336  58.571 0.0000000000
119418  -40.441  -33.973  58.686 0.0000000000
119419  -39.868  -34.260  58.242 0.0000000000
119420  -39.259  -34.486  57.761 0.0000000000
119421  -39.141  -34.610  57.031 0.0000000000
119422  -39.002  -34.735  56.309 0.0000000000
119423  -38.807  -34.877  55.522 0.0000000000
119424  -40.082  -33.415  51.484 0.0000000000
119425  -39.900  -33.735  51.832 0.0000000000
119426  -39.481  -33.694  51.080 0.0000000000
119427  -38.892  -33.995  50.679 0.0000000000
119428  -38.290  -34.265  50.180 0.0000000000
119429  -37.978  -33.920  49.057 0.0000000000
119430  -37.865  -34.219  49.403 0.0000000000
119431  -37.714  -34.491  49.754 0.0000000000
119432  -37.141  -34.682  49.332 0.0000000000
119433  -36.552  -34.817  48.934 0.0000000000
119434  -35.961  -34.950  48.595 0.0000000000
119435  -35.317  -35.096  48.180 0.0000000000
119436  -35.482  -34.907  47.817 0.0000000000
119437  -35.053  -34.881  47.039 0.0000000000
119438  -34.632  -34.849  46.303 0.0000000000
119439  -35.364  -34.403  46.310 0.0000000000
119455  -38.859  -30.183  43.274 0.0000000000
119456  -38.219  -30.417  42.933 0.0000000000
119457  -38.441  -30.163  42.588 0.0000000000
119458  -38.053  -30.144  41.915 0.0000000000
119459  -37.708  -30.136  41.208 0.0000000000
119460  -38.536  -29.622  41.234 0.0000000000
119461  -37.951  -29.865  40.862 0.0000000000
123371  -54.600  -18.756  48.104 0.0000000000
123372  -54.458  -19.462  47.535 0.0000000000
123373  -54.166  -20.081  46.925 0.0000000000
123374  -54.584  -19.472  47.010 0.0000000000
123375  -54.730  -19.464  46.492 0.0000000000
123376  -54.841  -19.422  45.937 0.0000000000
123377  -55.277  -18.153  46.381 0.0000000000
123378  -55.192  -18.783  45.952 0.0000000000
123379  -54.970  -19.376  45.437 0.0000000000
123380  -55.090  -19.334  44.883 0.0000000000
123381  -55.190  -19.296  44.286 0.0000000000
123382  -55.314  -19.253  43.744 0.0000000000
123404  -56.543  -15.446  41.625 0.0000000000
123405  -56.733  -15.816  41.992 0.0000000000
123406  -56.975  -15.778  41.569 0.0000000000
123407  -57.203  -16.244  41.320 0.0000000000
123408  -57.241  -16.765  40.967 0.0000000000
123409  -57.552  -16.168  40.392 0.0000000000
123410  -57.363  -16.711  40.491 0.0000000000
123411  -57.106  -17.254  40.498 0.0000000000
123412  -56.859  -17.695  40.026 0.0000000000
123413  -56.550  -18.094  39.484 0.0000000000
123414  -56.203  -18.441  38.891 0.0000000000
123415  -55.829  -18.779  38.261 0.0000000000
123416  -56.252  -18.383  38.385 0.0000000000
123417  -56.290  -18.321  37.860 0.0000000000
123418  -56.313  -18.251  37.337 0.0000000000
123419  -56.941  -17.464  37.902 0.0000000000
123420  -56.601  -17.851  37.340 0.0000000000
123421  -56.332  -18.195  36.791 0.0000000000
123422  -56.318  -18.144  36.229 0.0000000000
123423  -56.307  -18.102  35.711 0.0000000000
123424  -56.312  -18.104  35.149 0.0000000000
123425  -58.308  -14.606  33.508 0.0000000000
123426  -57.990  -15.125  33.672 0.0000000000
123427  -57.965  -15.134  33.111 0.0000000000
123428  -57.649  -15.688  32.703 0.0000000000
123429  -57.368  -16.258  32.329 0.0000000000
123635  -23.136  -34.296  67.618 0.0000000000
123636  -23.578  -34.286  67.350 0.0000000000
123637  -23.602  -34.550  66.426 0.0000000000
123638  -23.628  -34.820  65.438 0.0000000000
123639  -24.477  -34.483  65.927 0.0000000000
123640  -24.079  -34.791  65.220 0.0000000000
123641  -23.653  -35.053  64.495 0.0000000000
123642  -23.675  -35.310  63.526 0.0000000000
123643  -23.693  -35.516  62.538 0.0000000000
123644  -23.670  -35.741  61.648 0.0000000000
123645  -26.685  -35.666  58.486 0.0000000000
123646  -26.248  -35.732  58.590 0.0000000000
123647  -26.218  -35.935  57.761 0.0000000000
123648  -25.778  -36.288  57.096 0.0000000000
123649  -25.385  -36.725  56.521 0.0000000000
123650  -25.737  -36.973  55.604 0.0000000000
123651  -25.385  -37.110  55.780 0.0000000000
123652  -25.032  -37.268  55.988 0.0000000000
123653  -24.771  -37.930  55.590 0.0000000000
123657  -25.102  -40.124  55.129 0.0000000000
123658  -25.478  -40.713  54.975 0.0000000000
123660  -25.883  -40.298  54.349 0.0000000000
123661  -26.175  -41.076  54.630 0.0000000000
123666  -34.612  -35.376  56.268 0.0000000000
123667  -34.112  -35.380  56.444 0.0000000000
123668  -34.011  -35.497  55.746 0.0000000000
123669  -33.428  -35.682  55.267 0.0000000000
123670  -32.856  -35.879  54.795 0.0000000000
123671  -33.201  -36.006  54.068 0.0000000000
123672  -32.695  -36.039  54.200 0.0000000000
123673  -32.270  -36.080  54.302 0.0000000000
123674  -31.666  -36.267  53.835 0.0000000000
123675  -31.057  -36.506  53.394 0.0000000000
123676  -30.497  -36.819  52.997 0.0000000000
129298  -40.840  -28.289  41.736 0.0000000000
129299  -40.987  -27.984  41.301 0.0000000000
129300  -41.389  -27.998  41.966 0.0000000000
129301  -41.939  -27.704  42.214 0.0000000000
129302  -42.473  -27.381  42.410 0.0000000000
129303  -42.773  -27.725  43.593 0.0000000000
129304  -42.916  -27.381  43.143 0.0000000000
129305  -43.017  -27.069  42.706 0.0000000000
129306  -43.574  -26.720  42.935 0.0000000000
129307  -44.092  -26.384  43.177 0.0000000000
129308  -44.653  -26.039  43.469 0.0000000000
129309  -44.568  -27.714  46.383 0.0000000000
129310  -44.667  -27.334  45.970 0.0000000000
129311  -44.734  -26.985  45.521 0.0000000000
129312  -45.657  -26.527  46.475 0.0000000000
129313  -45.240  -26.581  45.769 0.0000000000
129314  -44.822  -26.632  45.066 0.0000000000
129315  -44.933  -26.296  44.620 0.0000000000
129316  -45.056  -25.991  44.162 0.0000000000
129317  -45.197  -25.710  43.699 0.0000000000
129318  -45.743  -25.383  43.965 0.0000000000
129319  -46.232  -25.076  44.153 0.0000000000
129320  -46.790  -24.791  44.347 0.0000000000
129321  -47.037  -24.888  45.544 0.0000000000
129322  -47.182  -24.692  45.062 0.0000000000
129323  -47.370  -24.532  44.636 0.0000000000
129324  -47.953  -24.255  44.844 0.0000000000
129325  -48.524  -23.995  45.072 0.0000000000
129326  -49.109  -23.715  45.323 0.0000000000
129412  -43.061  -32.462  57.799 0.0000000000
129413  -42.615  -32.942  57.492 0.0000000000
129414  -42.984  -32.716  57.109 0.0000000000
129415  -42.838  -32.909  56.407 0.0000000000
129416  -42.620  -33.057  55.655 0.0000000000
129417  -43.566  -32.338  55.651 0.0000000000
129418  -42.976  -32.747  55.285 0.0000000000
129419  -42.360  -33.133  54.914 0.0000000000
129420  -41.998  -33.200  54.146 0.0000000000
129421  -41.611  -33.216  53.397 0.0000000000
129422  -41.184  -33.169  52.633 0.0000000000
129423  -44.722  -31.081  54.049 0.0000000000
129424  -44.106  -31.520  53.684 0.0000000000
129425  -43.471  -31.915  53.341 0.0000000000
129426  -43.275  -31.624  52.235 0.0000000000
129427  -43.055  -31.957  52.629 0.0000000000
129428  -42.786  -32.282  52.951 0.0000000000
129429  -42.095  -32.581  52.619 0.0000000000
129430  -41.378  -32.864  52.224 0.0000000000
129431  -40.716  -33.128  51.876 0.0000000000
129432  -40.257  -33.100  51.113 0.0000000000
129433  -39.817  -33.064  50.362 0.0000000000
129434  -39.346  -33.008  49.565 0.0000000000
129435  -40.185  -32.400  49.593 0.0000000000
129436  -39.534  -32.658  49.240 0.0000000000
129437  -38.866  -32.936  48.746 0.0000000000
129438  -38.363  -32.831  47.943 0.0000000000
129439  -37.864  -32.748  47.160 0.0000000000
129440  -37.370  -32.670  46.382 0.0000000000
129441  -36.955  -32.610  45.735 0.0000000000
129442  -37.567  -32.327  46.120 0.0000000000
129443  -37.820  -32.016  45.816 0.0000000000
129444  -38.043  -31.699  45.517 0.0000000000
129445  -39.144  -31.501  46.544 0.0000000000
129446  -38.720  -31.441  45.874 0.0000000000
129447  -38.302  -31.391  45.220 0.0000000000
129448  -38.547  -31.083  44.891 0.0000000000
129449  -38.806  -30.798  44.603 0.0000000000
129450  -39.047  -30.507  44.290 0.0000000000
129451  -41.975  -30.590  48.085 0.0000000000
129452  -41.529  -30.541  47.385 0.0000000000
129453  -41.085  -30.485  46.700 0.0000000000
129454  -42.007  -30.011  46.782 0.0000000000
129455  -41.317  -30.235  46.371 0.0000000000
129456  -40.654  -30.419  46.019 0.0000000000
129457  -40.195  -30.356  45.330 0.0000000000
129458  -39.732  -30.293  44.649 0.0000000000
129459  -39.283  -30.212  43.953 0.0000000000
129460  -39.579  -29.980  43.679 0.0000000000
129461  -39.759  -29.709  43.291 0.0000000000
129462  -39.974  -29.444  42.977 0.0000000000
129463  -41.044  -29.291  44.024 0.0000000000
129464  -40.604  -29.233  43.341 0.0000000000
129465  -40.207  -29.173  42.680 0.0000000000
129466  -40.429  -28.884  42.380 0.0000000000
129467  -40.620  -28.584  42.053 0.0000000000
133033  -58.345  -14.775  38.048 0.0000000000
133034  -58.423  -14.225  37.864 0.0000000000
133035  -58.535  -14.193  37.330 0.0000000000
133036  -58.623  -14.177  36.765 0.0000000000
133038  -58.752  -13.589  36.577 0.0000000000
133039  -58.669  -14.143  36.187 0.0000000000
133040  -58.698  -14.115  35.630 0.0000000000
133041  -58.725  -14.095  35.079 0.0000000000
133042  -58.694  -14.086  34.484 0.0000000000
133048  -59.184  -12.329  34.998 0.0000000000
133049  -59.197  -12.914  34.669 0.0000000000
133050  -59.006  -13.507  34.296 0.0000000000
133051  -58.671  -14.091  33.897 0.0000000000
133052  -58.672  -14.089  33.331 0.0000000000
133053  -58.691  -14.102  32.770 0.0000000000
133054  -58.691  -14.135  32.162 0.0000000000
133056  -59.143  -13.626  31.963 0.0000000000
133057  -58.714  -14.217  31.583 0.0000000000
133231  -27.217  -33.665  66.457 0.0000000000
133232  -26.730  -33.972  65.670 0.0000000000
133233  -27.210  -33.927  65.508 0.0000000000
133234  -27.207  -34.186  64.516 0.0000000000
133235  -27.187  -34.390  63.552 0.0000000000
133236  -28.196  -34.179  64.177 0.0000000000
133237  -27.684  -34.375  63.376 0.0000000000
133238  -27.202  -34.584  62.643 0.0000000000
133239  -27.186  -34.827  61.759 0.0000000000
133240  -27.174  -35.057  60.817 0.0000000000
133241  -27.181  -35.252  59.971 0.0000000000
133242  -30.173  -34.390  63.556 0.0000000000
133243  -29.657  -34.554  62.740 0.0000000000
133244  -29.125  -34.707  61.970 0.0000000000
133245  -29.607  -34.937  61.055 0.0000000000
133246  -29.100  -34.912  61.104 0.0000000000
133247  -28.624  -34.868  61.243 0.0000000000
133248  -28.148  -35.030  60.558 0.0000000000
133249  -27.668  -35.213  59.861 0.0000000000
133250  -27.166  -35.435  59.165 0.0000000000
133251  -27.101  -35.612  58.296 0.0000000000
133252  -27.067  -35.800  57.499 0.0000000000
133253  -27.010  -36.036  56.714 0.0000000000
133254  -27.937  -35.763  57.271 0.0000000000
133255  -27.406  -36.020  56.534 0.0000000000
133256  -26.948  -36.335  55.885 0.0000000000
133257  -26.895  -36.704  55.158 0.0000000000
133258  -26.881  -37.066  54.489 0.0000000000
133259  -26.910  -37.490  53.948 0.0000000000
133261  -32.837  -36.392  51.454 0.0000000000
139689  -41.146  -27.707  40.813 0.0000000000
139690  -41.275  -27.416  40.265 0.0000000000
139691  -41.459  -27.193  39.750 0.0000000000
139692  -42.340  -26.798  40.743 0.0000000000
139693  -41.973  -26.865  39.987 0.0000000000
139694  -41.675  -26.959  39.233 0.0000000000
139695  -41.892  -26.835  38.777 0.0000000000
139698  -44.556  -25.610  41.775 0.0000000000
139699  -44.176  -25.689  41.039 0.0000000000
139700  -43.783  -25.770  40.285 0.0000000000
139701  -44.544  -25.396  40.094 0.0000000000
139702  -43.997  -25.639  39.807 0.0000000000
139703  -43.450  -25.894  39.555 0.0000000000
139728  -48.181  -23.795  39.260 0.0000000000
139737  -49.688  -22.940  38.363 0.0000000000
139738  -49.867  -22.821  37.909 0.0000000000
139739  -50.045  -22.776  37.384 0.0000000000
139740  -50.510  -22.511  37.561 0.0000000000
139741  -50.969  -22.235  37.771 0.0000000000
139742  -51.442  -21.934  37.943 0.0000000000
139990  -35.290  -34.149  63.305 0.0000000000
139991  -34.781  -34.395  62.674 0.0000000000
139992  -35.310  -34.368  62.436 0.0000000000
139993  -35.312  -34.532  61.532 0.0000000000
139994  -35.317  -34.670  60.635 0.0000000000
139995  -36.372  -34.511  61.034 0.0000000000
139996  -35.819  -34.652  60.426 0.0000000000
139997  -35.324  -34.773  59.837 0.0000000000
139998  -35.316  -34.893  59.017 0.0000000000
139999  -35.313  -35.011  58.276 0.0000000000
140000  -35.257  -35.130  57.546 0.0000000000
140001  -38.520  -34.361  59.951 0.0000000000
140002  -37.941  -34.570  59.425 0.0000000000
140003  -37.377  -34.711  58.940 0.0000000000
140004  -37.782  -34.779  57.876 0.0000000000
140005  -37.296  -34.846  58.120 0.0000000000
140006  -36.834  -34.848  58.389 0.0000000000
140007  -36.295  -34.981  57.863 0.0000000000
140008  -35.739  -35.094  57.315 0.0000000000
140009  -35.190  -35.240  56.807 0.0000000000
140010  -35.107  -35.369  56.117 0.0000000000
140011  -34.999  -35.503  55.439 0.0000000000
140012  -34.885  -35.668  54.798 0.0000000000
140013  -35.914  -35.466  55.025 0.0000000000
140014  -35.336  -35.595  54.601 0.0000000000
140015  -34.732  -35.785  54.178 0.0000000000
140016  -34.541  -35.891  53.556 0.0000000000
140017  -34.337  -35.971  52.934 0.0000000000
140018  -34.092  -36.028  52.309 0.0000000000
140019  -42.079  -33.351  57.168 0.0000000000
140020  -41.523  -33.723  56.804 0.0000000000
140021  -40.931  -34.048  56.411 0.0000000000
140022  -41.074  -33.961  55.265 0.0000000000
140023  -40.722  -34.158  55.646 0.0000000000
140024  -40.330  -34.322  56.031 0.0000000000
140025  -39.739  -34.537  55.609 0.0000000000
140026  -39.144  -34.779  55.155 0.0000000000
140027  -38.600  -34.992  54.703 0.0000000000
140028  -39.694  -34.056  52.175 0.0000000000
140029  -39.526  -34.323  52.557 0.0000000000
140030  -39.280  -34.578  52.880 0.0000000000
140031  -38.403  -34.779  51.718 0.0000000000
140032  -38.751  -34.784  52.513 0.0000000000
140033  -39.041  -34.764  53.273 0.0000000000
140034  -38.720  -34.921  53.627 0.0000000000
140035  -38.408  -35.040  53.959 0.0000000000
140036  -38.061  -35.117  54.302 0.0000000000
140037  -37.522  -35.250  53.898 0.0000000000
140038  -36.920  -35.382  53.510 0.0000000000
140039  -36.331  -35.523  53.138 0.0000000000
140040  -36.431  -35.419  52.126 0.0000000000
140041  -36.104  -35.544  52.459 0.0000000000
140042  -35.747  -35.675  52.793 0.0000000000
140043  -35.096  -35.804  52.398 0.0000000000
140044  -34.431  -35.945  52.004 0.0000000000
140045  -33.815  -36.097  51.623 0.0000000000
140110  -37.544  -30.689  42.572 0.0000000000
144607  -47.474  -27.555  52.569 0.0000000000
144608  -47.665  -27.187  52.255 0.0000000000
144609  -47.958  -26.944  52.861 0.0000000000
144610  -48.444  -26.279  53.241 0.0000000000
144611  -48.856  -25.584  53.562 0.0000000000
144871  -23.879  -33.606  68.966 0.0000000000
144872  -24.351  -33.555  68.733 0.0000000000
144873  -24.786  -33.558  68.467 0.0000000000
144875  -25.131  -33.169  68.988 0.0000000000
144876  -25.234  -33.541  68.210 0.0000000000
144877  -25.710  -33.489  67.988 0.0000000000
144878  -26.179  -33.468  67.777 0.0000000000
144879  -26.650  -33.402  67.523 0.0000000000
144905  -27.032  -33.033  68.103 0.0000000000
144906  -27.135  -33.422  67.301 0.0000000000
144908  -28.138  -33.359  66.917 0.0000000000
144909  -28.655  -33.397  66.710 0.0000000000
144911  -29.072  -33.104  67.316 0.0000000000
144912  -29.145  -33.470  66.515 0.0000000000
144913  -29.668  -33.521  66.409 0.0000000000
144914  -30.182  -33.581  66.252 0.0000000000
144915  -30.665  -33.650  66.023 0.0000000000
144923  -31.077  -33.360  66.593 0.0000000000
144924  -31.148  -33.686  65.889 0.0000000000
144925  -31.648  -33.752  65.707 0.0000000000
144926  -32.162  -33.849  65.474 0.0000000000
144927  -32.665  -33.883  65.283 0.0000000000
144930  -33.160  -33.961  65.041 0.0000000000
144931  -33.665  -33.917  64.840 0.0000000000
144932  -34.174  -33.956  64.529 0.0000000000
144933  -34.682  -33.949  64.236 0.0000000000
145013  -35.124  -33.598  64.614 0.0000000000
145014  -35.225  -33.927  63.962 0.0000000000
145015  -35.764  -33.895  63.716 0.0000000000
145016  -36.264  -33.886  63.351 0.0000000000
145017  -36.834  -33.840  63.113 0.0000000000
145018  -37.197  -33.139  64.024 0.0000000000
145019  -37.322  -33.510  63.455 0.0000000000
145020  -37.367  -33.794  62.821 0.0000000000
145021  -37.924  -33.716  62.508 0.0000000000
145022  -38.463  -33.664  62.147 0.0000000000
145023  -39.016  -33.580  61.858 0.0000000000
145030  -39.328  -32.825  62.688 0.0000000000
145031  -39.461  -33.200  62.115 0.0000000000
145032  -39.543  -33.486  61.494 0.0000000000
145033  -40.065  -33.352  61.152 0.0000000000
145034  -40.548  -33.245  60.774 0.0000000000
145035  -41.027  -33.105  60.385 0.0000000000
145036  -41.370  -32.320  61.248 0.0000000000
145037  -41.460  -32.661  60.653 0.0000000000
145038  -41.496  -32.965  60.037 0.0000000000
145039  -41.896  -32.820  59.601 0.0000000000
145040  -42.339  -32.589  59.232 0.0000000000
145041  -42.750  -32.418  58.826 0.0000000000
145065  -43.076  -31.175  60.324 0.0000000000
145066  -43.155  -31.547  59.695 0.0000000000
145067  -43.159  -31.862  59.088 0.0000000000
145068  -43.134  -32.176  58.441 0.0000000000
145069  -43.524  -31.931  58.054 0.0000000000
145070  -43.932  -31.680  57.617 0.0000000000
145071  -44.291  -31.384  57.253 0.0000000000
145072  -44.773  -30.524  58.112 0.0000000000
145073  -44.746  -30.824  57.500 0.0000000000
145074  -44.681  -31.098  56.901 0.0000000000
145075  -45.024  -30.810  56.451 0.0000000000
145076  -45.353  -30.488  56.064 0.0000000000
145077  -45.669  -30.154  55.713 0.0000000000
145084  -46.261  -29.311  56.628 0.0000000000
145085  -46.142  -29.587  55.981 0.0000000000
145086  -45.971  -29.833  55.338 0.0000000000
145087  -46.249  -29.506  54.959 0.0000000000
145088  -46.485  -29.167  54.563 0.0000000000
145092  -46.919  -28.548  53.736 0.0000000000
145093  -47.142  -28.216  53.369 0.0000000000
145094  -47.328  -27.895  52.969 0.0000000000
150228  -47.774  -26.862  51.823 0.0000000000
150229  -47.887  -26.482  51.409 0.0000000000
150230  -47.989  -26.148  50.978 0.0000000000
150231  -48.798  -25.175  52.035 0.0000000000
150232  -48.438  -25.494  51.259 0.0000000000
150233  -48.066  -25.756  50.499 0.0000000000
150234  -48.176  -25.422  50.089 0.0000000000
150235  -48.242  -25.085  49.666 0.0000000000
150236  -48.320  -24.776  49.233 0.0000000000
150238  -50.141  -22.712  52.588 0.0000000000
150239  -49.893  -23.215  51.819 0.0000000000
150240  -50.442  -22.273  51.648 0.0000000000
150241  -50.036  -22.932  51.362 0.0000000000
150242  -49.617  -23.580  51.087 0.0000000000
150243  -49.247  -23.928  50.320 0.0000000000
150244  -48.854  -24.249  49.548 0.0000000000
150245  -48.452  -24.508  48.796 0.0000000000
150246  -48.600  -24.279  48.348 0.0000000000
150247  -48.786  -24.059  47.910 0.0000000000
150248  -48.981  -23.866  47.476 0.0000000000
150249  -49.950  -23.113  48.539 0.0000000000
150250  -49.568  -23.462  47.779 0.0000000000
150251  -49.166  -23.744  47.011 0.0000000000
150252  -49.382  -23.624  46.562 0.0000000000
150253  -49.575  -23.507  46.137 0.0000000000
150254  -49.745  -23.439  45.669 0.0000000000
150273  -52.303  -20.930  49.941 0.0000000000
150274  -52.003  -21.466  49.191 0.0000000000
150275  -51.647  -21.956  48.428 0.0000000000
150276  -52.461  -21.342  48.337 0.0000000000
150277  -51.856  -21.909  47.964 0.0000000000
150278  -51.276  -22.404  47.642 0.0000000000
150279  -50.843  -22.763  46.872 0.0000000000
150280  -50.407  -23.068  46.071 0.0000000000
150281  -49.952  -23.352  45.277 0.0000000000
150282  -50.111  -23.291  44.830 0.0000000000
150283  -50.284  -23.174  44.378 0.0000000000
150284  -50.418  -23.123  43.890 0.0000000000
150285  -51.526  -22.463  45.080 0.0000000000
150286  -51.056  -22.778  44.302 0.0000000000
150287  -50.585  -23.010  43.518 0.0000000000
150288  -50.670  -22.896  43.071 0.0000000000
150289  -50.784  -22.799  42.612 0.0000000000
150290  -50.898  -22.670  42.155 0.0000000000
150291  -53.779  -20.607  46.254 0.0000000000
150292  -53.360  -21.061  45.517 0.0000000000
150293  -52.906  -21.432  44.780 0.0000000000
150294  -53.557  -20.870  44.540 0.0000000000
150295  -52.988  -21.334  44.297 0.0000000000
150296  -52.446  -21.747  44.041 0.0000000000
150297  -51.957  -22.053  43.270 0.0000000000
150298  -51.456  -22.321  42.469 0.0000000000
150299  -50.996  -22.543  41.678 0.0000000000
150300  -51.134  -22.385  41.203 0.0000000000
150301  -51.293  -22.234  40.738 0.0000000000
150302  -51.435  -22.103  40.240 0.0000000000
150303  -52.426  -21.528  41.226 0.0000000000
150304  -51.997  -21.780  40.468 0.0000000000
150305  -51.562  -21.979  39.727 0.0000000000
150306  -51.687  -21.844  39.213 0.0000000000
150307  -51.835  -21.715  38.706 0.0000000000
150308  -51.967  -21.607  38.197 0.0000000000
150369  -55.899  -18.164  44.201 0.0000000000
150370  -55.751  -18.713  43.738 0.0000000000
150371  -55.437  -19.187  43.196 0.0000000000
150372  -56.791  -16.350  42.252 0.0000000000
150373  -56.745  -16.899  42.444 0.0000000000
150374  -56.601  -17.454  42.582 0.0000000000
150375  -56.566  -17.872  41.589 0.0000000000
150376  -56.459  -17.948  42.132 0.0000000000
150377  -56.351  -18.037  42.632 0.0000000000
150378  -55.994  -18.572  42.651 0.0000000000
150379  -55.558  -19.100  42.639 0.0000000000
150380  -55.052  -19.590  42.582 0.0000000000
150381  -54.661  -19.918  41.918 0.0000000000
150382  -54.221  -20.190  41.256 0.0000000000
150383  -53.786  -20.505  40.544 0.0000000000
150384  -54.428  -19.944  40.157 0.0000000000
150385  -53.903  -20.370  40.001 0.0000000000
150386  -53.346  -20.781  39.838 0.0000000000
150387  -52.937  -21.006  39.143 0.0000000000
150388  -52.520  -21.251  38.433 0.0000000000
150389  -52.121  -21.491  37.648 0.0000000000
150390  -52.245  -21.392  37.129 0.0000000000
150391  -52.383  -21.330  36.611 0.0000000000
150392  -52.575  -21.279  36.141 0.0000000000
150393  -53.414  -20.542  37.019 0.0000000000
150394  -53.063  -20.887  36.340 0.0000000000
150395  -52.755  -21.257  35.651 0.0000000000
150396  -52.918  -21.232  35.172 0.0000000000
150397  -53.118  -21.239  34.731 0.0000000000
150399  -55.415  -19.082  37.640 0.0000000000
150400  -55.043  -19.370  37.029 0.0000000000
150401  -54.645  -19.662  36.366 0.0000000000
150402  -55.270  -19.274  35.987 0.0000000000
150403  -54.799  -19.635  35.829 0.0000000000
150404  -54.293  -20.018  35.659 0.0000000000
150405  -54.023  -20.409  34.999 0.0000000000
150406  -53.800  -20.860  34.418 0.0000000000
150417  -58.200  -15.322  37.635 0.0000000000
150418  -57.916  -15.863  37.213 0.0000000000
150419  -57.585  -16.346  36.791 0.0000000000
150420  -57.893  -15.796  36.091 0.0000000000
150421  -57.564  -16.315  36.234 0.0000000000
150422  -57.254  -16.815  36.310 0.0000000000
150423  -56.919  -17.264  35.795 0.0000000000
150424  -56.596  -17.687  35.247 0.0000000000
150425  -56.331  -18.094  34.652 0.0000000000
150426  -57.707  -15.628  33.823 0.0000000000
150427  -57.425  -16.176  34.003 0.0000000000
150428  -57.143  -16.710  34.090 0.0000000000
150429  -56.899  -17.240  33.086 0.0000000000
150430  -56.856  -17.229  33.602 0.0000000000
150431  -56.859  -17.225  34.136 0.0000000000
150432  -56.586  -17.675  34.150 0.0000000000
150433  -56.350  -18.098  34.139 0.0000000000
150434  -56.094  -18.509  34.097 0.0000000000
150967  -22.728  -34.632  66.866 0.0000000000
150968  -22.315  -34.944  66.133 0.0000000000
150969  -21.897  -35.270  65.369 0.0000000000
150970  -22.349  -35.471  64.235 0.0000000000
150978  -20.939  -38.283  60.339 0.0000000000
150979  -21.456  -37.390  60.596 0.0000000000
150980  -21.310  -38.058  60.108 0.0000000000
150985  -26.244  -34.258  64.894 0.0000000000
150986  -25.801  -34.526  64.214 0.0000000000
150987  -25.360  -34.811  63.459 0.0000000000
150988  -25.800  -34.944  62.307 0.0000000000
150989  -25.380  -35.025  62.499 0.0000000000
150990  -24.922  -35.094  62.748 0.0000000000
150991  -24.505  -35.376  62.068 0.0000000000
150992  -24.108  -35.667  61.381 0.0000000000
150993  -23.717  -35.987  60.754 0.0000000000
150994  -25.821  -35.788  58.821 0.0000000000
150995  -25.385  -35.879  58.949 0.0000000000
150996  -24.964  -35.944  59.159 0.0000000000
150997  -24.586  -36.641  57.670 0.0000000000
150998  -24.559  -36.321  58.499 0.0000000000
150999  -24.545  -36.052  59.360 0.0000000000
151000  -24.169  -36.147  59.621 0.0000000000
151001  -23.791  -36.229  59.915 0.0000000000
151002  -23.336  -36.337  60.149 0.0000000000
151003  -23.023  -36.805  59.554 0.0000000000
151004  -22.765  -37.369  59.004 0.0000000000
151005  -22.585  -38.022  58.531 0.0000000000
151007  -22.769  -38.478  57.894 0.0000000000
151008  -22.480  -38.716  58.165 0.0000000000
151021  -25.169  -41.027  55.775 0.0000000000
151039  -34.242  -34.580  62.041 0.0000000000
151040  -33.679  -34.709  61.387 0.0000000000
151041  -33.176  -34.831  60.728 0.0000000000
151042  -33.725  -34.941  59.665 0.0000000000
151043  -33.174  -34.946  59.875 0.0000000000
151044  -32.650  -34.966  60.085 0.0000000000
151045  -32.133  -35.122  59.465 0.0000000000
151046  -31.558  -35.269  58.805 0.0000000000
151047  -30.992  -35.411  58.176 0.0000000000
151048  -33.603  -35.400  56.640 0.0000000000
151049  -33.098  -35.418  56.761 0.0000000000
151050  -32.582  -35.455  56.941 0.0000000000
151051  -31.957  -35.792  55.672 0.0000000000
151052  -32.023  -35.643  56.355 0.0000000000
151053  -32.061  -35.477  57.080 0.0000000000
151054  -31.532  -35.491  57.258 0.0000000000
151055  -30.987  -35.538  57.369 0.0000000000
151056  -30.427  -35.565  57.500 0.0000000000
151057  -29.875  -35.729  56.833 0.0000000000
151058  -29.345  -35.919  56.207 0.0000000000
151059  -28.799  -36.144  55.568 0.0000000000
151060  -29.248  -36.319  54.782 0.0000000000
151061  -28.758  -36.381  54.866 0.0000000000
151062  -28.230  -36.438  54.931 0.0000000000
151063  -27.720  -36.805  54.338 0.0000000000
151064  -27.318  -37.327  53.866 0.0000000000
151065  -27.025  -37.989  53.523 0.0000000000
151067  -32.053  -36.606  51.897 0.0000000000
151068  -31.674  -36.723  52.126 0.0000000000
151070  -31.127  -37.048  51.743 0.0000000000
151071  -31.240  -36.838  52.272 0.0000000000
151072  -30.824  -36.945  52.391 0.0000000000
151073  -30.363  -37.083  52.516 0.0000000000
151074  -29.926  -37.208  52.554 0.0000000000
151081  -29.584  -38.216  51.894 0.0000000000
151082  -29.512  -37.787  52.235 0.0000000000
151083  -29.501  -37.369  52.657 0.0000000000
151084  -29.079  -37.556  52.685 0.0000000000
151085  -28.674  -37.787  52.712 0.0000000000
151086  -28.248  -37.961  52.822 0.0000000000
151087  -28.256  -39.164  52.398 0.0000000000
151088  -28.016  -38.640  52.612 0.0000000000
151089  -27.880  -38.133  52.925 0.0000000000
151090  -27.500  -38.330  53.026 0.0000000000
151091  -27.184  -38.522  53.168 0.0000000000
151092  -26.854  -38.732  53.302 0.0000000000
151093  -26.818  -39.502  53.243 0.0000000000
151094  -26.948  -40.265  53.348 0.0000000000
