#!ascii label  , from subject fsaverage_sym vox2ras=TkReg
1912
93  -44.669  7.101  17.016 0.0000000000
181  -54.631  1.273  4.145 0.0000000000
263  -50.478  14.526  18.973 0.0000000000
453  -53.678  3.688  12.393 0.0000000000
454  -53.148  3.957  21.448 0.0000000000
522  -49.099  7.579  7.375 0.0000000000
523  -51.824  13.752  7.882 0.0000000000
524  -47.226  18.493  9.050 0.0000000000
996  -45.860  3.347  26.029 0.0000000000
1147  -48.392  3.858  14.488 0.0000000000
1148  -50.494  4.237  9.247 0.0000000000
1149  -47.086  7.403  12.682 0.0000000000
1150  -53.423  17.952  19.290 0.0000000000
1151  -53.449  13.873  13.828 0.0000000000
1152  -52.761  16.786  14.078 0.0000000000
1153  -48.732  15.556  9.773 0.0000000000
1154  -51.873  19.924  11.732 0.0000000000
1479  -51.609  2.988  1.747 0.0000000000
1624  -42.741  10.411  20.389 0.0000000000
1625  -46.783  11.360  17.684 0.0000000000
2014  -58.132  4.823  14.659 0.0000000000
2015  -53.409  3.544  16.940 0.0000000000
2016  -47.827  2.874  18.470 0.0000000000
2018  -46.940  2.896  22.689 0.0000000000
2209  -53.560  5.023  3.589 0.0000000000
2210  -51.681  7.771  1.476 0.0000000000
2211  -49.451  11.217  13.110 0.0000000000
2212  -51.343  11.286  7.162 0.0000000000
2213  -49.995  11.011  1.408 0.0000000000
2214  -47.428  12.812  3.576 0.0000000000
2215  -44.714  14.592  5.970 0.0000000000
3067  -46.180  5.221  15.630 0.0000000000
3068  -47.321  5.359  13.304 0.0000000000
3069  -46.039  7.316  15.032 0.0000000000
3070  -53.672  19.999  17.931 0.0000000000
3071  -54.083  17.340  16.697 0.0000000000
3072  -53.687  19.130  15.542 0.0000000000
3073  -51.992  18.448  13.377 0.0000000000
3426  -53.233  2.075  2.756 0.0000000000
3667  -41.835  11.743  21.740 0.0000000000
3668  -44.310  12.163  21.064 0.0000000000
4417  -53.399  3.649  19.229 0.0000000000
4418  -50.753  2.993  17.787 0.0000000000
4419  -50.595  3.005  19.981 0.0000000000
4424  -46.387  3.351  24.468 0.0000000000
4427  -41.316  4.075  21.178 0.0000000000
4428  -40.352  6.777  20.596 0.0000000000
4429  -38.951  5.612  21.759 0.0000000000
4884  -54.731  4.034  9.645 0.0000000000
4885  -49.435  5.693  8.133 0.0000000000
4886  -51.886  4.544  6.498 0.0000000000
4887  -50.830  5.914  5.330 0.0000000000
4888  -52.457  6.244  2.333 0.0000000000
4889  -50.461  7.745  4.576 0.0000000000
4890  -48.481  13.063  18.263 0.0000000000
4891  -48.245  11.325  15.529 0.0000000000
4892  -50.085  12.969  16.120 0.0000000000
4893  -53.356  13.815  10.726 0.0000000000
4894  -52.527  12.491  10.394 0.0000000000
4895  -52.503  12.664  7.181 0.0000000000
4896  -51.458  11.414  3.957 0.0000000000
4897  -51.060  12.662  4.366 0.0000000000
4898  -48.804  12.093  2.329 0.0000000000
4899  -49.798  13.332  5.463 0.0000000000
4900  -47.742  17.077  9.703 0.0000000000
4901  -46.727  14.959  7.695 0.0000000000
4902  -45.700  16.285  8.013 0.0000000000
4903  -43.647  15.714  6.728 0.0000000000
4904  -45.017  17.648  7.877 0.0000000000
6673  -51.061  3.377  13.412 0.0000000000
6674  -52.041  3.613  10.730 0.0000000000
6675  -49.443  4.042  11.935 0.0000000000
6676  -48.303  5.502  10.746 0.0000000000
6677  -48.054  7.445  10.092 0.0000000000
6678  -52.386  16.049  19.565 0.0000000000
6679  -52.296  14.305  16.730 0.0000000000
6680  -53.797  15.630  16.958 0.0000000000
6681  -53.789  15.285  14.051 0.0000000000
6682  -52.210  14.970  11.345 0.0000000000
6683  -50.276  14.443  9.050 0.0000000000
6684  -50.726  16.153  11.904 0.0000000000
6685  -49.859  17.822  11.472 0.0000000000
6686  -49.548  19.343  10.271 0.0000000000
7293  -50.054  4.008  1.334 0.0000000000
7630  -43.585  9.017  18.674 0.0000000000
7631  -45.365  9.442  17.113 0.0000000000
7632  -44.850  10.967  19.196 0.0000000000
7633  -46.629  12.671  19.955 0.0000000000
7634  -48.432  14.304  20.747 0.0000000000
7636  -47.523  15.787  21.652 0.0000000000
7637  -50.203  16.003  21.208 0.0000000000
8616  -55.995  4.448  13.556 0.0000000000
8618  -55.944  4.510  15.846 0.0000000000
8619  -53.514  3.615  14.689 0.0000000000
8620  -50.901  3.136  15.621 0.0000000000
8621  -48.089  3.286  16.518 0.0000000000
8625  -52.736  4.384  23.657 0.0000000000
8626  -48.988  4.019  25.887 0.0000000000
8627  -49.623  3.668  24.197 0.0000000000
8628  -50.177  3.253  22.217 0.0000000000
8629  -47.411  2.662  20.572 0.0000000000
8631  -43.492  6.101  18.439 0.0000000000
9188  -56.362  2.998  4.547 0.0000000000
9189  -53.268  3.937  8.013 0.0000000000
9190  -54.838  4.295  5.129 0.0000000000
9191  -55.203  3.655  2.787 0.0000000000
9192  -53.791  4.432  1.296 0.0000000000
9193  -52.128  5.459  0.268 0.0000000000
9194  -50.569  6.770  -0.028 0.0000000000
9195  -46.818  9.473  15.145 0.0000000000
9196  -47.877  9.498  12.728 0.0000000000
9197  -48.817  9.526  9.991 0.0000000000
9198  -51.606  12.702  13.499 0.0000000000
9199  -50.473  11.187  10.191 0.0000000000
9200  -49.824  9.639  7.249 0.0000000000
9201  -50.875  9.695  4.202 0.0000000000
9202  -50.972  9.507  1.089 0.0000000000
9203  -49.077  8.233  0.413 0.0000000000
9207  -48.262  13.924  6.845 0.0000000000
9208  -45.996  13.605  4.862 0.0000000000
9209  -43.779  12.868  4.278 0.0000000000
9210  -42.560  13.871  5.561 0.0000000000
9211  -41.503  15.025  6.805 0.0000000000
10747  -45.336  6.142  16.319 0.0000000000
10748  -45.983  6.240  15.238 0.0000000000
10749  -45.365  7.239  16.052 0.0000000000
10751  -53.951  19.609  16.799 0.0000000000
10753  -53.651  19.914  14.732 0.0000000000
11106  -53.989  1.667  3.402 0.0000000000
12097  -53.304  3.784  20.358 0.0000000000
12098  -52.043  3.308  19.674 0.0000000000
12099  -51.902  3.415  20.749 0.0000000000
12107  -40.859  3.656  22.022 0.0000000000
12108  -40.068  4.791  21.420 0.0000000000
12562  -54.878  4.049  11.844 0.0000000000
12564  -54.216  3.881  11.012 0.0000000000
12565  -49.163  6.604  7.712 0.0000000000
12566  -50.074  5.778  6.750 0.0000000000
12567  -49.795  6.672  6.339 0.0000000000
12568  -50.529  6.795  4.914 0.0000000000
12569  -49.730  7.669  6.040 0.0000000000
12570  -49.444  13.810  18.582 0.0000000000
12571  -49.298  13.052  17.241 0.0000000000
12572  -50.302  13.824  17.570 0.0000000000
12573  -52.710  13.823  9.222 0.0000000000
12574  -53.019  13.221  8.968 0.0000000000
12575  -52.387  13.258  7.409 0.0000000000
12576  -51.944  12.727  5.681 0.0000000000
12577  -51.501  13.225  6.045 0.0000000000
12578  -50.488  13.045  4.860 0.0000000000
12579  -50.874  13.571  6.663 0.0000000000
12580  -47.459  17.821  9.472 0.0000000000
12581  -46.714  16.676  8.833 0.0000000000
12582  -46.367  17.367  8.737 0.0000000000
12583  -45.365  16.972  7.992 0.0000000000
12584  -46.135  18.039  8.418 0.0000000000
14962  -49.744  3.485  13.938 0.0000000000
14963  -50.242  3.613  12.653 0.0000000000
14964  -48.962  3.939  13.250 0.0000000000
14965  -47.075  6.346  12.913 0.0000000000
14966  -47.805  5.447  12.067 0.0000000000
14967  -47.587  6.407  11.671 0.0000000000
14968  -48.063  6.443  10.364 0.0000000000
14969  -47.565  7.436  11.400 0.0000000000
14970  -53.018  16.959  19.577 0.0000000000
14971  -53.233  15.880  18.321 0.0000000000
14972  -53.745  16.737  18.317 0.0000000000
14973  -53.600  17.045  15.302 0.0000000000
14974  -53.944  16.222  15.474 0.0000000000
14975  -53.362  16.020  14.141 0.0000000000
14976  -53.137  15.171  12.622 0.0000000000
14977  -52.436  15.779  12.882 0.0000000000
14978  -51.436  15.504  11.729 0.0000000000
14979  -51.764  16.494  12.983 0.0000000000
14980  -51.894  19.245  12.621 0.0000000000
14981  -50.920  18.137  12.426 0.0000000000
14982  -50.774  18.979  11.731 0.0000000000
14983  -49.654  18.594  10.916 0.0000000000
14984  -50.692  19.650  10.959 0.0000000000
16041  -50.841  3.456  1.489 0.0000000000
16762  -43.137  9.779  19.551 0.0000000000
16763  -44.139  10.054  18.869 0.0000000000
16764  -43.836  10.691  19.827 0.0000000000
16765  -45.145  13.047  21.457 0.0000000000
16766  -45.494  12.423  20.619 0.0000000000
16767  -46.399  13.275  21.037 0.0000000000
16768  -47.521  13.496  20.346 0.0000000000
16769  -47.258  14.154  21.401 0.0000000000
16774  -46.774  16.521  21.333 0.0000000000
16776  -48.859  15.911  21.521 0.0000000000
16777  -49.594  16.821  21.275 0.0000000000
16778  -50.898  16.950  21.040 0.0000000000
16779  -50.092  17.811  20.812 0.0000000000
18998  -57.179  4.710  12.922 0.0000000000
18999  -57.150  4.836  14.099 0.0000000000
19004  -55.951  4.576  17.037 0.0000000000
19005  -54.681  3.973  16.421 0.0000000000
19006  -54.694  3.974  15.266 0.0000000000
19007  -53.445  3.567  15.813 0.0000000000
19008  -52.237  3.304  15.192 0.0000000000
19009  -52.163  3.228  16.288 0.0000000000
19010  -49.337  2.837  18.175 0.0000000000
19011  -49.402  2.954  17.161 0.0000000000
19012  -47.946  3.072  17.488 0.0000000000
19025  -47.418  3.713  25.949 0.0000000000
19027  -47.996  3.480  24.371 0.0000000000
19028  -48.303  3.250  23.497 0.0000000000
19029  -49.897  3.455  23.273 0.0000000000
19030  -48.540  3.004  22.515 0.0000000000
19031  -48.823  2.838  21.407 0.0000000000
19032  -47.180  2.712  21.629 0.0000000000
19038  -42.665  7.060  19.002 0.0000000000
19039  -41.977  6.489  19.525 0.0000000000
20413  -56.809  2.749  5.451 0.0000000000
20415  -51.231  3.800  9.932 0.0000000000
20416  -52.595  3.769  9.353 0.0000000000
20417  -51.845  3.955  8.610 0.0000000000
20418  -52.676  4.792  5.109 0.0000000000
20419  -53.340  4.352  5.811 0.0000000000
20420  -54.224  4.608  4.325 0.0000000000
20421  -55.389  4.209  3.753 0.0000000000
20422  -54.740  4.543  3.002 0.0000000000
20423  -54.524  4.031  2.022 0.0000000000
20424  -54.084  4.947  2.244 0.0000000000
20425  -52.029  6.978  1.846 0.0000000000
20426  -52.725  6.044  0.946 0.0000000000
20427  -52.053  6.685  0.524 0.0000000000
20428  -51.319  6.062  0.039 0.0000000000
20429  -51.434  7.371  0.296 0.0000000000
20430  -46.022  10.456  17.393 0.0000000000
20431  -46.186  9.498  16.191 0.0000000000
20432  -46.826  10.477  16.471 0.0000000000
20433  -48.888  11.255  14.372 0.0000000000
20434  -48.077  10.403  14.120 0.0000000000
20435  -48.590  10.394  12.883 0.0000000000
20436  -48.368  9.526  11.384 0.0000000000
20437  -49.047  10.391  11.498 0.0000000000
20438  -52.981  14.055  15.306 0.0000000000
20439  -52.025  13.487  15.128 0.0000000000
20440  -52.620  13.271  13.614 0.0000000000
20441  -51.921  11.889  8.757 0.0000000000
20442  -51.595  11.888  10.332 0.0000000000
20443  -50.990  11.248  8.737 0.0000000000
20444  -50.018  10.482  8.703 0.0000000000
20445  -50.523  10.518  7.190 0.0000000000
20446  -50.327  9.679  5.759 0.0000000000
20447  -50.924  10.574  5.662 0.0000000000
20448  -50.962  11.332  2.476 0.0000000000
20449  -51.168  10.556  2.442 0.0000000000
20450  -50.526  10.288  1.151 0.0000000000
20451  -50.155  8.958  0.367 0.0000000000
20452  -49.500  9.780  0.605 0.0000000000
20453  -48.387  8.943  0.794 0.0000000000
20454  -48.870  10.466  0.983 0.0000000000
20455  -48.135  12.433  2.948 0.0000000000
20456  -47.559  11.526  1.963 0.0000000000
20460  -49.436  14.949  9.546 0.0000000000
20461  -49.255  14.169  7.931 0.0000000000
20462  -48.463  14.638  8.394 0.0000000000
20463  -45.729  14.779  6.712 0.0000000000
20464  -46.385  14.207  6.336 0.0000000000
20465  -45.335  14.079  5.427 0.0000000000
20466  -44.852  13.342  4.292 0.0000000000
20467  -44.202  13.813  4.886 0.0000000000
20468  -43.157  13.339  4.915 0.0000000000
20469  -43.583  14.303  5.473 0.0000000000
20470  -43.210  16.396  7.107 0.0000000000
20471  -42.538  15.410  6.602 0.0000000000
20472  -42.063  16.050  7.164 0.0000000000
20473  -40.992  15.641  7.395 0.0000000000
23953  -47.197  4.417  15.062 0.0000000000
23954  -47.803  4.498  13.847 0.0000000000
23955  -46.789  5.306  14.505 0.0000000000
23956  -46.560  6.292  14.095 0.0000000000
23957  -46.594  7.353  13.885 0.0000000000
23959  -53.942  17.716  18.067 0.0000000000
23960  -53.984  18.684  17.541 0.0000000000
23961  -53.869  18.237  16.234 0.0000000000
23962  -53.214  17.878  14.971 0.0000000000
23963  -52.276  17.601  13.854 0.0000000000
23964  -52.946  18.755  14.367 0.0000000000
23965  -52.891  19.546  13.576 0.0000000000
24600  -52.429  2.497  2.204 0.0000000000
25033  -42.339  11.006  21.121 0.0000000000
25034  -43.499  11.284  20.676 0.0000000000
25035  -43.114  11.950  21.438 0.0000000000
26381  -53.399  3.541  18.076 0.0000000000
26382  -52.146  3.196  17.388 0.0000000000
26383  -52.079  3.215  18.530 0.0000000000
26384  -50.648  2.969  18.893 0.0000000000
26385  -49.204  2.795  19.209 0.0000000000
26392  -46.118  3.437  25.233 0.0000000000
26394  -45.019  3.031  23.669 0.0000000000
26399  -41.817  4.571  20.393 0.0000000000
26400  -41.284  5.919  20.082 0.0000000000
26401  -40.661  5.332  20.730 0.0000000000
26402  -39.638  6.181  21.144 0.0000000000
27225  -49.903  4.870  8.638 0.0000000000
27226  -51.157  4.345  7.892 0.0000000000
27227  -50.523  4.979  7.252 0.0000000000
27228  -51.275  5.136  5.874 0.0000000000
27229  -52.080  5.385  4.453 0.0000000000
27230  -52.984  5.579  2.916 0.0000000000
27231  -51.676  6.120  3.867 0.0000000000
27232  -51.320  6.953  3.421 0.0000000000
27233  -51.179  7.802  3.032 0.0000000000
27234  -47.605  12.253  17.981 0.0000000000
27235  -47.569  11.398  16.686 0.0000000000
27236  -48.394  12.242  16.926 0.0000000000
27237  -49.095  12.180  15.838 0.0000000000
27238  -49.826  12.069  14.611 0.0000000000
27239  -53.610  13.808  12.240 0.0000000000
27240  -53.089  13.154  12.056 0.0000000000
27241  -53.211  13.149  10.513 0.0000000000
27242  -52.684  12.532  8.824 0.0000000000
27243  -52.106  11.956  7.128 0.0000000000
27244  -51.527  11.332  5.555 0.0000000000
27245  -51.942  12.053  5.510 0.0000000000
27246  -51.457  12.130  4.025 0.0000000000
27247  -50.550  11.980  2.713 0.0000000000
27248  -49.436  11.650  1.867 0.0000000000
27249  -50.001  12.455  3.231 0.0000000000
27250  -49.355  12.828  3.810 0.0000000000
27251  -48.624  13.105  4.470 0.0000000000
27252  -48.189  16.310  9.815 0.0000000000
27253  -47.733  15.240  8.706 0.0000000000
27254  -47.147  15.934  8.823 0.0000000000
27255  -46.161  15.613  7.907 0.0000000000
27256  -45.172  15.353  7.047 0.0000000000
27257  -44.157  15.131  6.390 0.0000000000
27258  -44.700  15.972  7.247 0.0000000000
27259  -44.258  16.616  7.372 0.0000000000
27260  -43.892  17.335  7.525 0.0000000000
30931  -52.405  3.477  12.890 0.0000000000
30932  -52.889  3.620  11.574 0.0000000000
30933  -51.545  3.501  12.088 0.0000000000
30934  -50.703  3.704  11.314 0.0000000000
30935  -49.949  4.123  10.578 0.0000000000
30936  -48.281  4.591  12.577 0.0000000000
30937  -48.787  4.665  11.246 0.0000000000
30938  -49.336  4.753  9.971 0.0000000000
30939  -48.869  5.550  9.456 0.0000000000
30940  -48.591  6.523  9.008 0.0000000000
30941  -48.569  7.523  8.740 0.0000000000
30942  -51.482  15.244  19.396 0.0000000000
30943  -51.425  14.469  17.883 0.0000000000
30944  -52.428  15.113  18.171 0.0000000000
30945  -53.179  14.920  16.873 0.0000000000
30946  -53.718  14.677  15.447 0.0000000000
30947  -54.059  16.466  16.900 0.0000000000
30948  -54.012  15.389  15.498 0.0000000000
30949  -53.870  14.552  13.913 0.0000000000
30950  -53.623  14.500  12.391 0.0000000000
30951  -52.942  14.417  10.914 0.0000000000
30952  -52.031  14.312  9.670 0.0000000000
30953  -51.092  14.128  8.505 0.0000000000
30954  -51.211  14.730  10.218 0.0000000000
30955  -50.416  15.225  10.612 0.0000000000
30956  -49.707  15.861  10.860 0.0000000000
30957  -51.245  17.303  12.835 0.0000000000
30958  -50.187  16.990  11.875 0.0000000000
30959  -49.130  16.621  10.831 0.0000000000
30960  -48.800  17.448  10.596 0.0000000000
30961  -48.541  18.234  10.171 0.0000000000
30962  -48.352  18.944  9.690 0.0000000000
33328  -44.060  8.080  17.818 0.0000000000
33329  -44.863  8.329  16.993 0.0000000000
33330  -44.454  9.251  17.919 0.0000000000
33331  -45.122  10.273  18.167 0.0000000000
33332  -45.895  11.200  18.504 0.0000000000
33333  -44.644  11.541  20.158 0.0000000000
33334  -45.753  11.832  19.571 0.0000000000
33335  -46.748  12.082  18.845 0.0000000000
33336  -47.589  12.936  19.143 0.0000000000
33337  -48.516  13.685  19.517 0.0000000000
33338  -49.502  14.429  19.931 0.0000000000
33344  -46.735  14.919  21.790 0.0000000000
33345  -48.075  15.042  21.573 0.0000000000
33346  -49.401  15.154  21.135 0.0000000000
33347  -50.493  15.184  20.329 0.0000000000
33348  -51.403  16.059  20.584 0.0000000000
33349  -52.039  17.024  20.489 0.0000000000
33350  -52.511  18.069  20.126 0.0000000000
36101  -56.017  4.408  12.391 0.0000000000
36102  -54.789  3.959  12.990 0.0000000000
36107  -57.146  5.039  16.416 0.0000000000
36108  -57.173  4.945  15.249 0.0000000000
36109  -55.946  4.483  14.694 0.0000000000
36110  -54.766  3.986  14.100 0.0000000000
36111  -53.561  3.631  13.532 0.0000000000
36112  -52.308  3.361  14.025 0.0000000000
36113  -50.954  3.257  14.525 0.0000000000
36114  -49.587  3.321  15.036 0.0000000000
36115  -50.834  3.034  16.748 0.0000000000
36116  -49.502  3.130  16.115 0.0000000000
36117  -48.226  3.575  15.528 0.0000000000
36118  -46.992  4.048  15.984 0.0000000000
36132  -50.607  4.342  25.794 0.0000000000
36133  -47.706  3.681  25.173 0.0000000000
36134  -49.302  3.863  25.029 0.0000000000
36135  -50.892  4.183  24.914 0.0000000000
36136  -51.231  3.969  23.946 0.0000000000
36137  -51.482  3.788  22.921 0.0000000000
36138  -51.683  3.589  21.850 0.0000000000
36139  -50.411  3.083  21.130 0.0000000000
36140  -49.037  2.763  20.312 0.0000000000
36141  -47.659  2.724  19.534 0.0000000000
36147  -44.065  6.617  17.758 0.0000000000
36148  -43.352  7.562  18.447 0.0000000000
36149  -42.780  8.508  19.189 0.0000000000
36150  -42.257  9.252  19.982 0.0000000000
36153  -41.782  9.915  20.763 0.0000000000
37806  -56.450  1.602  5.846 0.0000000000
37807  -56.143  1.840  4.927 0.0000000000
37808  -55.721  2.134  4.089 0.0000000000
37809  -53.427  3.783  10.170 0.0000000000
37810  -54.007  3.927  8.817 0.0000000000
37812  -52.539  4.124  7.228 0.0000000000
37813  -53.996  4.125  6.624 0.0000000000
37814  -55.424  4.131  5.955 0.0000000000
37815  -55.971  3.914  4.584 0.0000000000
37816  -55.815  3.307  3.675 0.0000000000
37817  -55.100  2.472  3.249 0.0000000000
37818  -54.383  2.880  2.465 0.0000000000
37819  -53.624  3.271  1.793 0.0000000000
37820  -52.802  3.720  1.183 0.0000000000
37821  -53.433  5.458  1.509 0.0000000000
37822  -52.969  4.929  0.705 0.0000000000
37823  -51.959  4.206  0.683 0.0000000000
37824  -51.109  4.725  0.443 0.0000000000
37825  -50.283  5.342  0.374 0.0000000000
37826  -49.514  5.971  0.488 0.0000000000
37827  -45.650  8.401  16.040 0.0000000000
37828  -46.337  8.423  14.981 0.0000000000
37829  -46.896  8.454  13.874 0.0000000000
37830  -47.469  10.450  15.325 0.0000000000
37831  -47.372  9.474  13.944 0.0000000000
37832  -47.355  8.454  12.569 0.0000000000
37833  -47.815  8.485  11.318 0.0000000000
37834  -48.303  8.535  10.013 0.0000000000
37835  -48.795  8.570  8.651 0.0000000000
37836  -51.200  13.683  16.404 0.0000000000
37837  -50.882  12.830  14.864 0.0000000000
37838  -50.490  12.024  13.296 0.0000000000
37839  -52.174  12.569  11.991 0.0000000000
37840  -51.034  11.917  11.816 0.0000000000
37841  -49.974  11.195  11.644 0.0000000000
37842  -49.554  10.423  10.117 0.0000000000
37843  -49.302  9.566  8.612 0.0000000000
37844  -49.319  8.626  7.213 0.0000000000
37845  -49.898  8.679  5.873 0.0000000000
37847  -51.161  8.769  2.762 0.0000000000
37848  -51.191  10.606  4.056 0.0000000000
37849  -51.164  9.710  2.562 0.0000000000
37850  -51.325  8.634  1.175 0.0000000000
37851  -50.762  8.180  0.255 0.0000000000
37852  -49.779  7.482  0.108 0.0000000000
37857  -48.208  11.026  1.442 0.0000000000
37863  -50.097  13.852  7.278 0.0000000000
37864  -49.017  13.590  6.193 0.0000000000
37865  -47.892  13.405  5.126 0.0000000000
37866  -47.443  14.374  7.323 0.0000000000
37867  -47.114  13.771  5.749 0.0000000000
37868  -46.701  13.201  4.233 0.0000000000
37869  -45.491  12.887  3.680 0.0000000000
37870  -44.426  12.391  3.629 0.0000000000
37871  -43.517  11.678  4.252 0.0000000000
37875  -43.030  14.827  6.057 0.0000000000
37876  -41.999  14.433  6.142 0.0000000000
37943  -48.209  19.614  8.904 0.0000000000
37952  -47.044  19.203  8.457 0.0000000000
37953  -45.833  18.873  8.012 0.0000000000
37954  -44.630  18.511  7.809 0.0000000000
37955  -43.479  18.246  7.863 0.0000000000
41467  -44.987  6.620  16.678 0.0000000000
41468  -45.314  6.684  16.156 0.0000000000
41469  -45.022  7.176  16.551 0.0000000000
41826  -54.326  1.460  3.774 0.0000000000
42815  -53.829  4.187  21.264 0.0000000000
42816  -53.892  4.094  20.702 0.0000000000
42817  -53.221  3.864  20.908 0.0000000000
42818  -52.621  3.587  20.572 0.0000000000
42819  -52.523  3.665  21.105 0.0000000000
42827  -40.621  3.498  22.478 0.0000000000
43282  -54.288  3.852  12.116 0.0000000000
43283  -54.522  3.961  11.456 0.0000000000
43284  -53.929  3.778  11.728 0.0000000000
43285  -49.089  7.101  7.548 0.0000000000
43286  -49.456  6.645  7.029 0.0000000000
43287  -49.414  7.109  6.847 0.0000000000
43288  -49.719  7.162  6.169 0.0000000000
43289  -49.408  7.628  6.713 0.0000000000
43290  -49.955  14.166  18.784 0.0000000000
43291  -49.883  13.827  18.094 0.0000000000
43292  -50.399  14.188  18.252 0.0000000000
43293  -52.317  13.800  8.532 0.0000000000
43294  -52.561  13.534  8.316 0.0000000000
43295  -52.168  13.527  7.615 0.0000000000
43296  -51.969  13.267  6.724 0.0000000000
43297  -51.696  13.487  6.964 0.0000000000
43298  -51.207  13.406  6.358 0.0000000000
43299  -51.360  13.667  7.268 0.0000000000
43300  -47.342  18.172  9.297 0.0000000000
43301  -46.926  17.614  9.085 0.0000000000
43302  -46.804  17.931  8.958 0.0000000000
43303  -46.257  17.697  8.591 0.0000000000
43304  -46.687  18.257  8.752 0.0000000000
45682  -49.081  3.639  14.219 0.0000000000
45683  -49.344  3.695  13.581 0.0000000000
45684  -48.708  3.896  13.869 0.0000000000
45685  -47.051  6.862  12.793 0.0000000000
45686  -47.323  6.383  12.294 0.0000000000
45687  -47.315  6.906  12.143 0.0000000000
45688  -47.532  6.929  11.505 0.0000000000
45689  -47.356  7.426  12.052 0.0000000000
45690  -53.232  17.459  19.439 0.0000000000
45691  -53.402  16.870  18.940 0.0000000000
45692  -53.620  17.349  18.870 0.0000000000
45693  -53.219  16.919  14.687 0.0000000000
45694  -53.478  16.519  14.759 0.0000000000
45695  -53.080  16.390  14.139 0.0000000000
45696  -52.936  15.914  13.485 0.0000000000
45697  -52.610  16.274  13.543 0.0000000000
45698  -52.103  16.131  12.946 0.0000000000
45699  -52.272  16.647  13.528 0.0000000000
45700  -51.874  19.607  12.184 0.0000000000
45701  -51.340  19.104  12.167 0.0000000000
45702  -51.320  19.450  11.744 0.0000000000
45703  -50.732  19.315  11.345 0.0000000000
45704  -51.283  19.787  11.340 0.0000000000
46757  -51.558  2.323  2.439 0.0000000000
46759  -51.177  2.552  2.304 0.0000000000
46760  -50.799  2.791  2.159 0.0000000000
46761  -51.220  3.193  1.612 0.0000000000
47482  -42.913  10.090  19.988 0.0000000000
47483  -43.474  10.244  19.672 0.0000000000
47484  -43.283  10.536  20.112 0.0000000000
47485  -45.545  13.515  21.609 0.0000000000
47486  -45.771  13.155  21.273 0.0000000000
47487  -46.211  13.600  21.478 0.0000000000
47488  -46.819  13.735  21.222 0.0000000000
47489  -46.594  14.087  21.583 0.0000000000
47497  -49.186  17.197  21.134 0.0000000000
47498  -49.882  17.311  21.061 0.0000000000
49717  -58.110  4.710  14.104 0.0000000000
49718  -57.664  4.786  13.788 0.0000000000
49719  -57.694  4.878  14.375 0.0000000000
49726  -54.049  3.730  16.097 0.0000000000
49727  -53.425  3.564  16.365 0.0000000000
49728  -52.806  3.380  16.052 0.0000000000
49729  -52.763  3.347  16.591 0.0000000000
49730  -48.552  2.851  18.299 0.0000000000
49731  -48.597  2.922  17.801 0.0000000000
49732  -47.839  2.974  17.973 0.0000000000
49733  -47.235  3.191  17.679 0.0000000000
49734  -47.148  3.064  18.158 0.0000000000
49745  -46.651  3.533  25.994 0.0000000000
49747  -47.508  3.181  23.558 0.0000000000
49748  -47.636  3.056  23.074 0.0000000000
49749  -48.441  3.140  23.024 0.0000000000
49750  -47.741  2.932  22.596 0.0000000000
49751  -47.861  2.833  22.092 0.0000000000
49752  -47.035  2.786  22.168 0.0000000000
49757  -42.650  5.312  19.400 0.0000000000
49758  -42.422  6.053  19.293 0.0000000000
49759  -42.130  5.759  19.586 0.0000000000
51134  -56.333  3.956  6.122 0.0000000000
51135  -50.863  4.000  9.578 0.0000000000
51136  -51.532  3.879  9.259 0.0000000000
51137  -51.167  4.053  8.925 0.0000000000
51138  -53.138  4.923  4.347 0.0000000000
51139  -53.481  4.697  4.660 0.0000000000
51140  -53.892  4.795  3.953 0.0000000000
51141  -54.574  4.648  3.651 0.0000000000
51142  -54.231  4.830  3.275 0.0000000000
51143  -54.465  4.749  2.580 0.0000000000
51144  -53.930  5.054  2.883 0.0000000000
51145  -51.851  7.341  1.629 0.0000000000
51146  -52.138  6.902  1.127 0.0000000000
51147  -51.903  7.259  0.940 0.0000000000
51148  -51.749  7.029  0.398 0.0000000000
51149  -51.659  7.614  0.769 0.0000000000
51150  -46.389  10.930  17.531 0.0000000000
51151  -46.429  10.475  16.938 0.0000000000
51152  -46.804  10.934  17.084 0.0000000000
51153  -49.156  11.236  13.762 0.0000000000
51154  -48.742  10.830  13.649 0.0000000000
51155  -49.006  10.813  12.986 0.0000000000
51156  -48.816  10.401  12.212 0.0000000000
51157  -49.254  10.805  12.311 0.0000000000
51158  -53.279  13.935  14.564 0.0000000000
51159  -52.824  13.656  14.474 0.0000000000
51160  -53.056  13.545  13.683 0.0000000000
51161  -51.609  11.590  7.941 0.0000000000
51162  -51.483  11.582  8.758 0.0000000000
51163  -51.182  11.256  7.961 0.0000000000
51164  -50.726  10.890  7.958 0.0000000000
51165  -50.906  10.930  7.178 0.0000000000
51166  -50.737  10.554  6.444 0.0000000000
51167  -51.114  10.950  6.412 0.0000000000
51168  -50.520  11.201  1.844 0.0000000000
51169  -50.737  10.830  1.766 0.0000000000
51170  -50.277  10.662  1.247 0.0000000000
51171  -50.040  10.048  0.784 0.0000000000
51172  -49.728  10.432  0.923 0.0000000000
51173  -49.173  10.099  0.804 0.0000000000
51174  -49.441  10.764  1.128 0.0000000000
51175  -47.792  12.602  3.245 0.0000000000
51176  -47.511  12.197  2.649 0.0000000000
51177  -47.159  12.435  2.938 0.0000000000
51179  -46.803  12.641  3.276 0.0000000000
51180  -49.070  15.214  9.662 0.0000000000
51181  -48.942  14.781  8.960 0.0000000000
51182  -48.571  15.069  9.142 0.0000000000
51183  -45.207  14.680  6.336 0.0000000000
51184  -45.525  14.420  6.083 0.0000000000
51185  -45.010  14.355  5.700 0.0000000000
51186  -44.789  13.997  5.109 0.0000000000
51187  -44.465  14.236  5.399 0.0000000000
51188  -43.891  14.047  5.198 0.0000000000
51189  -44.168  14.464  5.675 0.0000000000
51190  -42.987  16.715  7.295 0.0000000000
51191  -42.637  16.219  7.093 0.0000000000
55283  -46.971  4.826  14.774 0.0000000000
55284  -46.482  5.263  15.091 0.0000000000
55285  -45.986  6.795  15.110 0.0000000000
55286  -46.302  6.266  14.684 0.0000000000
55287  -46.282  6.804  14.549 0.0000000000
55288  -46.547  6.840  13.983 0.0000000000
55289  -46.325  7.335  14.459 0.0000000000
55291  -53.863  18.871  18.177 0.0000000000
55292  -53.868  19.350  17.785 0.0000000000
55293  -53.877  19.365  16.184 0.0000000000
55294  -53.938  18.919  16.564 0.0000000000
55295  -53.786  18.716  15.918 0.0000000000
55296  -53.603  18.050  15.566 0.0000000000
55297  -53.458  18.492  15.273 0.0000000000
55298  -53.067  18.324  14.694 0.0000000000
55299  -53.360  18.915  14.947 0.0000000000
55300  -53.643  20.284  14.235 0.0000000000
55301  -53.318  19.714  14.143 0.0000000000
55303  -52.882  19.938  13.136 0.0000000000
56357  -53.115  1.405  3.475 0.0000000000
56359  -52.731  1.631  3.167 0.0000000000
56361  -52.832  2.284  2.479 0.0000000000
57082  -42.095  11.345  21.454 0.0000000000
57083  -42.709  11.470  21.266 0.0000000000
57084  -42.453  11.829  21.582 0.0000000000
59325  -54.034  3.843  19.005 0.0000000000
59327  -53.394  3.588  18.666 0.0000000000
59328  -52.753  3.364  18.329 0.0000000000
59329  -52.761  3.411  18.912 0.0000000000
59330  -51.327  3.152  19.786 0.0000000000
59331  -51.319  3.105  19.252 0.0000000000
59332  -50.604  2.978  19.434 0.0000000000
59333  -49.924  2.867  19.074 0.0000000000
59334  -49.881  2.864  19.619 0.0000000000
59354  -42.539  3.327  21.507 0.0000000000
59355  -42.014  3.758  21.121 0.0000000000
59356  -42.240  3.960  20.697 0.0000000000
59357  -41.557  4.290  20.775 0.0000000000
59358  -41.224  4.922  20.534 0.0000000000
59359  -40.942  4.659  20.890 0.0000000000
59361  -39.820  5.479  21.240 0.0000000000
59362  -39.298  5.889  21.444 0.0000000000
60735  -49.647  5.257  8.365 0.0000000000
60736  -50.212  4.931  7.938 0.0000000000
60737  -49.969  5.313  7.673 0.0000000000
60738  -50.446  5.835  6.061 0.0000000000
60739  -50.628  5.400  6.341 0.0000000000
60740  -51.037  5.508  5.595 0.0000000000
60741  -51.647  5.251  5.147 0.0000000000
60742  -51.422  5.627  4.881 0.0000000000
60743  -51.839  5.724  4.148 0.0000000000
60744  -51.220  6.030  4.616 0.0000000000
60745  -50.463  7.269  4.739 0.0000000000
60746  -50.926  6.884  4.192 0.0000000000
60747  -50.830  7.331  3.993 0.0000000000
60748  -51.246  7.373  3.227 0.0000000000
60749  -50.829  7.778  3.831 0.0000000000
60750  -48.042  12.669  18.116 0.0000000000
60751  -47.998  12.280  17.461 0.0000000000
60752  -48.433  12.677  17.610 0.0000000000
60753  -49.697  13.018  16.701 0.0000000000
60754  -49.204  12.618  16.541 0.0000000000
60755  -49.573  12.583  15.971 0.0000000000
60756  -49.457  12.121  15.227 0.0000000000
60757  -49.953  12.523  15.365 0.0000000000
60758  -53.556  13.814  11.449 0.0000000000
60759  -53.421  13.475  11.378 0.0000000000
60760  -53.364  13.488  10.588 0.0000000000
60761  -52.776  12.943  8.080 0.0000000000
60762  -52.905  12.871  8.876 0.0000000000
60763  -52.630  12.606  8.003 0.0000000000
60764  -52.400  12.261  7.952 0.0000000000
60765  -52.348  12.309  7.127 0.0000000000
60766  -52.074  11.993  6.287 0.0000000000
60767  -52.227  12.350  6.318 0.0000000000
60768  -51.540  12.724  5.016 0.0000000000
60769  -51.704  12.441  4.846 0.0000000000
60770  -51.279  12.410  4.158 0.0000000000
60771  -51.036  12.068  3.346 0.0000000000
60772  -50.802  12.326  3.519 0.0000000000
60773  -50.292  12.215  2.940 0.0000000000
60774  -50.547  12.550  3.748 0.0000000000
60775  -50.172  13.196  5.153 0.0000000000
60776  -49.942  12.940  4.294 0.0000000000
60777  -49.593  13.095  4.635 0.0000000000
60778  -49.019  12.983  4.146 0.0000000000
60779  -49.204  13.220  4.956 0.0000000000
60780  -47.952  16.681  9.779 0.0000000000
60781  -47.654  16.118  9.330 0.0000000000
60782  -47.422  16.487  9.300 0.0000000000
60783  -46.193  16.476  8.447 0.0000000000
60784  -46.414  16.129  8.405 0.0000000000
60785  -45.921  15.957  7.967 0.0000000000
60786  -45.677  15.482  7.443 0.0000000000
60787  -45.425  15.807  7.524 0.0000000000
60788  -44.933  15.673  7.162 0.0000000000
60789  -45.217  16.139  7.606 0.0000000000
60790  -45.174  17.310  7.944 0.0000000000
60791  -44.793  16.761  7.665 0.0000000000
60792  -44.620  17.115  7.650 0.0000000000
60793  -44.042  16.956  7.441 0.0000000000
60794  -44.462  17.458  7.635 0.0000000000
67927  -51.741  3.387  13.139 0.0000000000
67928  -51.994  3.479  12.487 0.0000000000
67929  -51.330  3.437  12.731 0.0000000000
67930  -49.840  3.794  12.289 0.0000000000
67931  -50.466  3.653  11.993 0.0000000000
67932  -50.065  3.840  11.624 0.0000000000
67933  -50.313  3.870  10.926 0.0000000000
67934  -49.676  4.070  11.260 0.0000000000
67935  -47.514  4.891  13.563 0.0000000000
67936  -48.033  4.538  13.205 0.0000000000
67937  -47.776  4.951  12.929 0.0000000000
67938  -48.055  5.473  11.415 0.0000000000
67939  -48.258  5.034  11.646 0.0000000000
67940  -48.521  5.076  11.004 0.0000000000
67941  -49.043  4.716  10.629 0.0000000000
67942  -48.790  5.103  10.370 0.0000000000
67943  -49.084  5.130  9.712 0.0000000000
67944  -48.596  5.540  10.106 0.0000000000
67945  -48.011  6.919  10.195 0.0000000000
67946  -48.326  6.498  9.710 0.0000000000
67947  -48.276  6.985  9.549 0.0000000000
67948  -48.565  7.011  8.852 0.0000000000
67949  -48.307  7.488  9.422 0.0000000000
67950  -51.976  15.625  19.493 0.0000000000
67951  -51.970  15.194  18.816 0.0000000000
67952  -52.427  15.571  18.899 0.0000000000
67953  -53.565  15.748  17.677 0.0000000000
67954  -53.246  15.381  17.615 0.0000000000
67955  -53.544  15.260  16.943 0.0000000000
67956  -53.484  14.783  16.181 0.0000000000
67957  -53.773  15.124  16.218 0.0000000000
67958  -54.055  17.527  17.373 0.0000000000
67959  -54.048  17.048  17.527 0.0000000000
67960  -54.093  16.894  16.819 0.0000000000
67961  -53.868  15.716  14.776 0.0000000000
67962  -54.004  15.795  15.489 0.0000000000
67963  -53.957  15.324  14.747 0.0000000000
67964  -53.957  14.940  14.732 0.0000000000
67965  -53.891  14.908  13.966 0.0000000000
67966  -53.789  14.525  13.144 0.0000000000
67967  -53.701  14.883  13.223 0.0000000000
67968  -52.678  15.058  11.960 0.0000000000
67969  -53.037  14.782  11.773 0.0000000000
67970  -52.599  14.707  11.124 0.0000000000
67971  -52.501  14.386  10.266 0.0000000000
67972  -52.113  14.630  10.519 0.0000000000
67973  -51.638  14.534  9.951 0.0000000000
67974  -51.711  14.862  10.772 0.0000000000
67975  -51.065  15.827  11.844 0.0000000000
67976  -50.918  15.344  11.181 0.0000000000
67977  -50.562  15.669  11.296 0.0000000000
67978  -50.048  15.520  10.795 0.0000000000
67979  -50.217  16.019  11.386 0.0000000000
67980  -52.109  18.035  13.647 0.0000000000
67981  -51.760  17.471  13.367 0.0000000000
67982  -51.596  17.887  13.149 0.0000000000
67983  -50.382  17.984  11.971 0.0000000000
67984  -50.528  17.562  12.201 0.0000000000
67985  -50.000  17.416  11.708 0.0000000000
67986  -49.663  16.821  11.324 0.0000000000
67987  -49.476  17.244  11.206 0.0000000000
67988  -48.960  17.039  10.720 0.0000000000
67989  -49.331  17.646  11.012 0.0000000000
67990  -49.592  18.983  10.592 0.0000000000
67991  -49.107  18.430  10.567 0.0000000000
67992  -49.029  18.807  10.257 0.0000000000
67993  -48.435  18.616  9.964 0.0000000000
67994  -48.957  19.141  9.962 0.0000000000
71162  -50.041  3.317  1.962 0.0000000000
71166  -49.649  4.278  1.347 0.0000000000
73327  -43.808  8.565  18.245 0.0000000000
73328  -44.227  8.684  17.852 0.0000000000
73329  -44.003  9.137  18.318 0.0000000000
73330  -44.469  10.525  19.035 0.0000000000
73331  -44.620  10.178  18.524 0.0000000000
73332  -44.974  10.641  18.694 0.0000000000
73333  -45.493  10.743  18.349 0.0000000000
73334  -45.392  11.090  18.874 0.0000000000
73335  -43.891  11.728  20.872 0.0000000000
73336  -44.065  11.403  20.424 0.0000000000
73337  -44.493  11.838  20.623 0.0000000000
73338  -46.088  12.537  20.310 0.0000000000
73339  -45.649  12.139  20.106 0.0000000000
73340  -46.190  12.261  19.777 0.0000000000
73341  -46.249  11.961  19.238 0.0000000000
73342  -46.701  12.380  19.390 0.0000000000
73343  -47.177  12.498  18.985 0.0000000000
73344  -47.129  12.794  19.557 0.0000000000
73345  -47.971  13.885  20.558 0.0000000000
73346  -48.042  13.595  19.943 0.0000000000
73347  -48.501  13.984  20.153 0.0000000000
73348  -48.999  14.049  19.696 0.0000000000
73349  -49.003  14.378  20.376 0.0000000000
73361  -47.179  16.153  21.505 0.0000000000
73364  -46.422  15.294  21.772 0.0000000000
73365  -47.144  15.370  21.775 0.0000000000
73366  -47.432  14.990  21.698 0.0000000000
73367  -47.814  15.412  21.684 0.0000000000
73368  -49.555  15.974  21.422 0.0000000000
73369  -49.143  15.527  21.426 0.0000000000
73370  -49.797  15.561  21.197 0.0000000000
73371  -49.952  15.157  20.762 0.0000000000
73372  -50.409  15.578  20.889 0.0000000000
73373  -50.944  15.614  20.462 0.0000000000
73374  -50.801  16.031  20.904 0.0000000000
73375  -51.155  17.491  20.868 0.0000000000
73376  -51.470  16.996  20.832 0.0000000000
73377  -51.727  17.525  20.644 0.0000000000
73378  -52.331  17.556  20.392 0.0000000000
73379  -51.985  18.052  20.450 0.0000000000
80029  -57.636  4.508  12.098 0.0000000000
80030  -56.594  4.613  13.242 0.0000000000
80031  -56.604  4.585  12.655 0.0000000000
80032  -55.988  4.421  12.977 0.0000000000
80033  -55.384  4.196  12.704 0.0000000000
80034  -55.380  4.210  13.274 0.0000000000
80046  -55.944  4.534  16.440 0.0000000000
80047  -56.576  4.849  16.748 0.0000000000
80048  -56.576  4.800  16.155 0.0000000000
80049  -57.170  4.994  15.844 0.0000000000
80050  -56.579  4.764  15.553 0.0000000000
80051  -56.583  4.745  14.954 0.0000000000
80052  -55.933  4.501  15.278 0.0000000000
80053  -54.125  3.777  14.976 0.0000000000
80054  -54.705  3.987  14.683 0.0000000000
80055  -54.139  3.780  14.416 0.0000000000
80056  -54.153  3.775  13.849 0.0000000000
80057  -53.504  3.615  14.138 0.0000000000
80058  -52.933  3.489  13.781 0.0000000000
80059  -52.894  3.466  14.371 0.0000000000
80060  -51.583  3.193  15.416 0.0000000000
80061  -51.624  3.244  14.858 0.0000000000
80062  -50.923  3.194  15.065 0.0000000000
80063  -50.278  3.265  14.773 0.0000000000
80064  -50.233  3.190  15.327 0.0000000000
80065  -51.457  3.091  17.582 0.0000000000
80066  -51.485  3.103  17.060 0.0000000000
80067  -50.786  3.009  17.267 0.0000000000
80068  -48.745  3.078  16.839 0.0000000000
80069  -49.455  3.041  16.637 0.0000000000
80070  -48.801  3.187  16.334 0.0000000000
80071  -48.861  3.293  15.828 0.0000000000
80072  -48.177  3.427  16.026 0.0000000000
80073  -47.596  3.776  15.769 0.0000000000
80074  -47.508  3.606  16.246 0.0000000000
80102  -52.869  4.292  23.110 0.0000000000
80106  -48.856  4.007  26.271 0.0000000000
80108  -49.635  4.190  26.236 0.0000000000
80109  -50.424  4.360  26.195 0.0000000000
80110  -49.788  4.181  25.848 0.0000000000
80111  -46.243  3.415  24.860 0.0000000000
80112  -46.919  3.573  25.217 0.0000000000
80113  -47.071  3.529  24.832 0.0000000000
80114  -48.795  3.532  24.276 0.0000000000
80115  -48.649  3.669  24.724 0.0000000000
80116  -49.467  3.763  24.610 0.0000000000
80117  -50.066  4.032  24.985 0.0000000000
80118  -50.249  3.927  24.562 0.0000000000
80119  -51.077  4.077  24.462 0.0000000000
80120  -50.428  3.816  24.120 0.0000000000
80121  -50.045  3.356  22.751 0.0000000000
80122  -50.703  3.612  23.102 0.0000000000
80123  -50.823  3.513  22.566 0.0000000000
80124  -51.583  3.692  22.388 0.0000000000
80125  -50.933  3.415  22.026 0.0000000000
80126  -51.057  3.325  21.479 0.0000000000
80127  -50.282  3.155  21.692 0.0000000000
80128  -48.136  2.720  20.991 0.0000000000
80129  -48.961  2.785  20.862 0.0000000000
80130  -48.246  2.708  20.443 0.0000000000
80131  -48.346  2.716  19.895 0.0000000000
80132  -47.549  2.680  20.062 0.0000000000
80143  -43.687  5.399  18.510 0.0000000000
80144  -44.218  4.953  18.264 0.0000000000
80145  -43.942  5.649  18.159 0.0000000000
80146  -44.214  5.885  17.783 0.0000000000
80147  -43.779  6.361  18.105 0.0000000000
80148  -43.697  7.092  18.096 0.0000000000
80149  -43.390  6.823  18.410 0.0000000000
80150  -42.287  7.513  19.321 0.0000000000
80151  -42.670  7.798  19.077 0.0000000000
80155  -40.812  6.357  20.329 0.0000000000
80156  -41.188  6.643  20.049 0.0000000000
80157  -40.765  7.068  20.350 0.0000000000
80160  -41.085  9.119  20.771 0.0000000000
80161  -41.531  9.331  20.564 0.0000000000
80162  -41.291  9.707  20.935 0.0000000000
80163  -41.551  10.253  21.099 0.0000000000
84278  -56.530  1.462  6.288 0.0000000000
84279  -56.800  2.057  6.081 0.0000000000
84280  -56.630  2.874  4.969 0.0000000000
84281  -56.508  2.309  5.137 0.0000000000
84282  -56.311  2.436  4.677 0.0000000000
84283  -55.926  1.976  4.511 0.0000000000
84284  -56.091  2.584  4.231 0.0000000000
84285  -52.479  3.587  11.133 0.0000000000
84286  -53.182  3.712  10.882 0.0000000000
84287  -52.745  3.685  10.460 0.0000000000
84288  -52.915  3.855  8.700 0.0000000000
84289  -53.293  3.843  9.094 0.0000000000
84293  -51.501  4.447  7.200 0.0000000000
84294  -51.836  4.207  7.562 0.0000000000
84295  -52.188  4.295  6.849 0.0000000000
84296  -54.113  4.348  5.448 0.0000000000
84297  -53.656  4.220  6.212 0.0000000000
84298  -54.399  4.228  5.869 0.0000000000
84299  -54.729  4.157  6.285 0.0000000000
84300  -55.135  4.209  5.533 0.0000000000
84301  -55.757  4.070  5.234 0.0000000000
84302  -55.474  4.159  4.839 0.0000000000
84303  -55.379  3.981  3.194 0.0000000000
84304  -55.699  3.814  3.599 0.0000000000
84305  -55.517  3.493  3.191 0.0000000000
84306  -55.523  2.919  3.394 0.0000000000
84307  -55.206  3.081  2.954 0.0000000000
84308  -54.750  2.692  2.830 0.0000000000
84309  -54.864  3.284  2.551 0.0000000000
84310  -54.137  4.223  1.692 0.0000000000
84311  -54.117  3.658  1.833 0.0000000000
84312  -53.747  3.875  1.478 0.0000000000
84313  -53.236  3.501  1.462 0.0000000000
84314  -53.345  4.093  1.145 0.0000000000
84315  -52.728  5.901  2.609 0.0000000000
84316  -53.321  5.579  2.186 0.0000000000
84317  -53.017  5.890  1.837 0.0000000000
84318  -52.498  5.773  0.509 0.0000000000
84319  -52.906  5.510  0.740 0.0000000000
84320  -52.579  5.168  0.436 0.0000000000
84321  -52.504  4.550  0.596 0.0000000000
84322  -52.080  4.812  0.402 0.0000000000
84323  -51.544  4.453  0.568 0.0000000000
84324  -51.660  5.085  0.228 0.0000000000
84325  -50.943  6.382  0.007 0.0000000000
84326  -50.822  5.691  0.107 0.0000000000
84327  -50.443  6.051  0.075 0.0000000000
84328  -49.897  5.616  0.399 0.0000000000
84329  -50.049  6.365  0.154 0.0000000000
84330  -45.094  8.902  17.037 0.0000000000
84331  -45.276  8.373  16.524 0.0000000000
84332  -45.502  8.948  16.584 0.0000000000
84333  -46.519  9.491  15.680 0.0000000000
84334  -46.244  8.976  15.596 0.0000000000
84335  -46.552  8.965  15.066 0.0000000000
84336  -46.628  8.451  14.436 0.0000000000
84337  -46.849  8.972  14.508 0.0000000000
84338  -47.912  11.369  16.119 0.0000000000
84339  -47.518  10.929  16.006 0.0000000000
84340  -47.850  10.891  15.435 0.0000000000
84341  -47.970  9.960  13.431 0.0000000000
84342  -47.695  9.958  14.016 0.0000000000
84343  -47.626  9.492  13.347 0.0000000000
84344  -47.348  8.969  13.246 0.0000000000
84345  -47.581  8.990  12.634 0.0000000000
84346  -47.598  8.485  11.988 0.0000000000
84347  -47.820  9.005  11.997 0.0000000000
84348  -48.592  9.519  10.691 0.0000000000
84349  -48.298  9.034  10.660 0.0000000000
84350  -48.534  9.038  9.975 0.0000000000
84351  -48.534  8.566  9.349 0.0000000000
84352  -48.777  9.063  9.315 0.0000000000
84353  -51.884  14.416  17.318 0.0000000000
84354  -51.337  14.108  17.172 0.0000000000
84355  -51.769  14.018  16.580 0.0000000000
84356  -51.827  13.094  14.320 0.0000000000
84357  -51.447  13.168  14.985 0.0000000000
84358  -51.268  12.761  14.199 0.0000000000
84359  -50.715  12.404  14.086 0.0000000000
84360  -51.036  12.367  13.408 0.0000000000
84361  -52.809  12.810  11.220 0.0000000000
84362  -52.652  12.866  12.033 0.0000000000
84363  -52.373  12.520  11.197 0.0000000000
84364  -51.007  11.545  10.261 0.0000000000
84365  -51.329  11.906  11.056 0.0000000000
84366  -50.762  11.561  10.997 0.0000000000
84367  -50.471  11.575  11.753 0.0000000000
84368  -50.274  11.213  10.915 0.0000000000
84369  -49.793  10.826  10.870 0.0000000000
84370  -50.019  10.824  10.143 0.0000000000
84371  -49.894  10.077  7.981 0.0000000000
84372  -49.628  10.028  8.652 0.0000000000
84373  -49.550  9.608  7.941 0.0000000000
84374  -49.269  9.107  7.902 0.0000000000
84375  -49.548  9.134  7.238 0.0000000000
84376  -49.612  8.652  6.581 0.0000000000
84377  -49.788  9.160  6.536 0.0000000000
84378  -50.615  9.692  4.984 0.0000000000
84379  -50.410  9.236  5.058 0.0000000000
84380  -50.714  9.231  4.266 0.0000000000
84382  -50.985  9.233  3.476 0.0000000000
84383  -51.560  11.380  4.718 0.0000000000
84384  -51.317  10.988  4.788 0.0000000000
84385  -51.354  11.014  3.980 0.0000000000
84386  -51.069  10.064  1.738 0.0000000000
84387  -51.159  10.155  2.498 0.0000000000
84388  -51.149  9.638  1.771 0.0000000000
84389  -51.235  9.209  1.816 0.0000000000
84390  -51.137  9.072  1.131 0.0000000000
84391  -51.113  8.451  0.601 0.0000000000
84392  -50.854  8.863  0.607 0.0000000000
84393  -49.622  8.614  0.296 0.0000000000
84394  -49.976  8.230  0.181 0.0000000000
84395  -49.437  7.859  0.254 0.0000000000
84396  -49.267  7.100  0.351 0.0000000000
84399  -48.563  7.806  0.671 0.0000000000
84405  -49.123  11.881  2.093 0.0000000000
84406  -48.805  11.371  1.538 0.0000000000
84407  -48.494  11.599  1.816 0.0000000000
84408  -46.987  11.217  1.941 0.0000000000
84409  -47.310  10.951  1.712 0.0000000000
84420  -50.697  14.270  8.770 0.0000000000
84421  -50.626  13.981  7.865 0.0000000000
84422  -50.200  14.132  8.175 0.0000000000
84423  -48.784  14.019  7.376 0.0000000000
84424  -49.158  13.858  7.066 0.0000000000
84425  -48.638  13.749  6.539 0.0000000000
84426  -48.453  13.494  5.663 0.0000000000
84427  -48.084  13.656  6.012 0.0000000000
84428  -47.224  15.100  8.175 0.0000000000
84429  -47.593  14.771  8.032 0.0000000000
84430  -47.066  14.667  7.547 0.0000000000
84431  -46.213  13.910  5.596 0.0000000000
84432  -46.741  13.981  6.031 0.0000000000
84433  -46.560  13.696  5.271 0.0000000000
84434  -46.938  13.501  4.956 0.0000000000
84435  -46.345  13.397  4.547 0.0000000000
84436  -46.080  13.073  3.900 0.0000000000
84437  -45.735  13.271  4.219 0.0000000000
84438  -44.293  13.145  4.176 0.0000000000
84440  -44.096  12.632  3.975 0.0000000000
84441  -43.953  12.054  3.895 0.0000000000
84442  -43.595  12.330  4.195 0.0000000000
84444  -43.309  12.535  4.522 0.0000000000
84445  -42.852  13.604  5.233 0.0000000000
84446  -42.704  13.024  5.141 0.0000000000
84447  -42.409  13.293  5.475 0.0000000000
84449  -42.100  13.597  5.778 0.0000000000
84450  -43.894  15.421  6.577 0.0000000000
84451  -43.593  14.987  6.166 0.0000000000
84452  -43.334  15.270  6.381 0.0000000000
84453  -41.994  15.205  6.665 0.0000000000
84454  -42.245  14.920  6.360 0.0000000000
84455  -41.743  14.712  6.472 0.0000000000
84457  -41.295  14.482  6.687 0.0000000000
84645  -46.931  19.613  8.170 0.0000000000
84646  -46.427  19.037  8.217 0.0000000000
84647  -46.295  19.463  7.997 0.0000000000
84649  -45.054  19.121  7.865 0.0000000000
84651  -44.074  18.379  7.816 0.0000000000
93073  -45.730  5.677  15.957 0.0000000000
93074  -46.039  5.723  15.416 0.0000000000
93075  -45.635  6.183  15.776 0.0000000000
93076  -45.650  6.738  15.642 0.0000000000
93077  -45.703  7.309  15.557 0.0000000000
93079  -53.880  19.814  17.383 0.0000000000
93081  -53.914  19.988  16.359 0.0000000000
93083  -53.678  19.537  15.173 0.0000000000
93084  -53.861  20.167  15.321 0.0000000000
93085  -53.881  20.527  14.826 0.0000000000
93086  -53.809  20.910  14.329 0.0000000000
93720  -53.621  1.868  3.057 0.0000000000
94153  -41.535  12.158  21.944 0.0000000000
94154  -42.171  12.227  21.837 0.0000000000
95500  -53.969  4.007  20.127 0.0000000000
95501  -53.382  3.717  19.786 0.0000000000
95502  -52.748  3.474  19.475 0.0000000000
95503  -52.707  3.535  20.028 0.0000000000
95504  -51.984  3.360  20.212 0.0000000000
95505  -51.271  3.191  20.366 0.0000000000
95519  -41.088  3.857  21.597 0.0000000000
95520  -40.672  4.418  21.281 0.0000000000
95521  -40.434  4.183  21.684 0.0000000000
96340  -55.512  4.239  11.518 0.0000000000
96342  -55.156  4.141  11.144 0.0000000000
96343  -54.829  4.052  10.744 0.0000000000
96344  -54.473  3.967  10.324 0.0000000000
96345  -49.278  6.122  7.903 0.0000000000
96346  -49.761  5.720  7.425 0.0000000000
96347  -49.592  6.181  7.218 0.0000000000
96348  -49.904  6.222  6.530 0.0000000000
96349  -50.262  6.271  5.831 0.0000000000
96350  -50.665  6.354  5.106 0.0000000000
96351  -50.161  6.724  5.631 0.0000000000
96352  -50.096  7.207  5.466 0.0000000000
96353  -50.067  7.680  5.310 0.0000000000
96354  -48.929  13.447  18.411 0.0000000000
96355  -48.879  13.070  17.758 0.0000000000
96356  -49.377  13.464  17.924 0.0000000000
96357  -49.790  13.445  17.407 0.0000000000
96358  -50.205  13.401  16.861 0.0000000000
96359  -53.062  13.822  9.970 0.0000000000
96360  -53.208  13.508  9.847 0.0000000000
96361  -52.913  13.532  9.061 0.0000000000
96362  -52.730  13.240  8.153 0.0000000000
96363  -52.530  12.962  7.259 0.0000000000
96364  -52.296  12.691  6.393 0.0000000000
96365  -52.178  13.004  6.529 0.0000000000
96366  -51.754  12.999  5.848 0.0000000000
96367  -51.298  12.966  5.221 0.0000000000
96368  -50.787  12.883  4.589 0.0000000000
96369  -51.022  13.149  5.465 0.0000000000
96370  -50.720  13.311  5.745 0.0000000000
96371  -50.361  13.464  6.038 0.0000000000
96372  -47.595  17.439  9.577 0.0000000000
96373  -47.230  16.858  9.235 0.0000000000
96374  -47.062  17.239  9.175 0.0000000000
96375  -46.539  17.046  8.796 0.0000000000
96376  -46.012  16.804  8.424 0.0000000000
96377  -45.531  16.628  8.060 0.0000000000
96378  -45.867  17.152  8.355 0.0000000000
96379  -45.720  17.480  8.238 0.0000000000
96380  -45.587  17.844  8.120 0.0000000000
100660  -50.391  3.412  13.674 0.0000000000
100661  -50.657  3.467  13.030 0.0000000000
100662  -49.991  3.542  13.290 0.0000000000
100663  -49.595  3.744  12.937 0.0000000000
100664  -49.221  3.998  12.610 0.0000000000
100665  -47.165  5.841  13.080 0.0000000000
100666  -47.560  5.406  12.658 0.0000000000
100667  -47.415  5.885  12.477 0.0000000000
100668  -47.653  5.905  11.858 0.0000000000
100669  -47.912  5.934  11.209 0.0000000000
100670  -48.169  5.966  10.532 0.0000000000
100671  -47.801  6.423  11.038 0.0000000000
100672  -47.772  6.929  10.873 0.0000000000
100673  -47.784  7.436  10.745 0.0000000000
100674  -52.735  16.484  19.607 0.0000000000
100675  -52.832  15.994  18.978 0.0000000000
100676  -53.148  16.419  18.977 0.0000000000
100677  -53.514  16.292  18.337 0.0000000000
100678  -53.790  16.163  17.662 0.0000000000
100679  -53.890  17.200  15.964 0.0000000000
100680  -54.021  16.761  16.112 0.0000000000
100681  -53.794  16.619  15.419 0.0000000000
100682  -53.713  16.123  14.803 0.0000000000
100683  -53.602  15.683  14.111 0.0000000000
100684  -53.507  15.258  13.343 0.0000000000
100685  -53.245  15.580  13.433 0.0000000000
100686  -52.800  15.471  12.760 0.0000000000
100687  -52.315  15.347  12.130 0.0000000000
100688  -51.833  15.223  11.585 0.0000000000
100689  -51.957  15.656  12.296 0.0000000000
100690  -51.585  15.978  12.406 0.0000000000
100691  -51.250  16.339  12.444 0.0000000000
100692  -51.948  18.850  13.013 0.0000000000
100693  -51.480  18.292  12.874 0.0000000000
100694  -51.385  18.720  12.571 0.0000000000
100695  -50.840  18.567  12.100 0.0000000000
100696  -50.296  18.403  11.650 0.0000000000
100697  -49.730  18.196  11.214 0.0000000000
100698  -50.217  18.788  11.301 0.0000000000
100699  -50.148  19.169  10.958 0.0000000000
100700  -50.109  19.488  10.580 0.0000000000
102602  -50.421  3.047  2.027 0.0000000000
102603  -50.449  3.728  1.377 0.0000000000
103900  -43.358  9.422  19.121 0.0000000000
103901  -43.840  9.536  18.740 0.0000000000
103902  -43.663  9.916  19.206 0.0000000000
103903  -43.979  10.404  19.367 0.0000000000
103904  -44.346  10.842  19.528 0.0000000000
103905  -44.721  12.594  21.267 0.0000000000
103906  -44.917  12.274  20.853 0.0000000000
103907  -45.317  12.709  21.078 0.0000000000
103908  -45.946  12.838  20.835 0.0000000000
103909  -46.530  12.964  20.517 0.0000000000
103910  -47.077  13.109  20.159 0.0000000000
103911  -46.986  13.392  20.742 0.0000000000
103912  -47.419  13.800  20.921 0.0000000000
103913  -47.854  14.215  21.096 0.0000000000
103923  -47.878  16.227  21.499 0.0000000000
103924  -48.197  15.847  21.627 0.0000000000
103925  -48.560  16.287  21.474 0.0000000000
103926  -49.256  16.358  21.436 0.0000000000
103927  -49.928  16.423  21.317 0.0000000000
103928  -50.575  16.458  21.177 0.0000000000
103929  -50.287  16.908  21.201 0.0000000000
103930  -50.553  17.402  20.993 0.0000000000
107922  -57.652  4.601  12.647 0.0000000000
107923  -57.657  4.692  13.200 0.0000000000
107924  -57.169  4.775  13.507 0.0000000000
107925  -56.592  4.663  13.827 0.0000000000
107934  -55.314  4.262  16.731 0.0000000000
107935  -55.317  4.239  16.149 0.0000000000
107936  -55.305  4.232  15.571 0.0000000000
107937  -54.685  3.969  15.846 0.0000000000
107938  -54.083  3.751  15.527 0.0000000000
107939  -53.489  3.594  15.247 0.0000000000
107940  -52.884  3.451  14.940 0.0000000000
107941  -52.848  3.415  15.503 0.0000000000
107942  -52.204  3.262  15.740 0.0000000000
107943  -51.554  3.150  15.978 0.0000000000
107944  -50.069  2.903  18.004 0.0000000000
107945  -50.099  2.939  17.464 0.0000000000
107946  -49.385  2.894  17.661 0.0000000000
107947  -48.676  2.987  17.327 0.0000000000
107948  -48.027  3.174  17.008 0.0000000000
107949  -47.406  3.458  16.722 0.0000000000
107950  -47.344  3.322  17.202 0.0000000000
107972  -46.532  3.255  24.063 0.0000000000
107973  -47.205  3.421  24.431 0.0000000000
107974  -47.351  3.308  24.012 0.0000000000
107975  -48.154  3.357  23.936 0.0000000000
107976  -48.951  3.443  23.861 0.0000000000
107977  -49.753  3.559  23.769 0.0000000000
107978  -49.093  3.335  23.402 0.0000000000
107979  -49.230  3.216  22.905 0.0000000000
107980  -49.376  3.094  22.369 0.0000000000
107981  -49.475  3.005  21.826 0.0000000000
107982  -48.679  2.907  21.964 0.0000000000
107983  -48.014  2.766  21.541 0.0000000000
107984  -47.287  2.673  21.097 0.0000000000
107991  -43.754  4.519  19.017 0.0000000000
107992  -43.438  5.148  18.860 0.0000000000
107993  -43.182  5.843  18.775 0.0000000000
107994  -43.070  6.579  18.708 0.0000000000
107995  -42.717  6.339  19.004 0.0000000000
107996  -42.294  6.805  19.260 0.0000000000
107997  -41.916  7.232  19.549 0.0000000000
110471  -56.961  2.635  5.918 0.0000000000
110473  -56.782  3.279  5.402 0.0000000000
110474  -56.530  3.393  4.960 0.0000000000
110475  -51.622  3.700  10.336 0.0000000000
110476  -52.318  3.690  10.044 0.0000000000
110477  -51.919  3.742  9.623 0.0000000000
110478  -52.217  3.824  8.959 0.0000000000
110479  -52.552  3.921  8.307 0.0000000000
110480  -52.251  4.661  5.820 0.0000000000
110481  -52.578  4.422  6.152 0.0000000000
110482  -53.011  4.565  5.435 0.0000000000
110483  -53.808  4.504  5.037 0.0000000000
110484  -54.563  4.439  4.706 0.0000000000
110485  -55.197  4.307  4.415 0.0000000000
110486  -54.870  4.464  4.014 0.0000000000
110487  -55.069  4.372  3.371 0.0000000000
110488  -55.067  4.153  2.805 0.0000000000
110489  -54.855  3.829  2.422 0.0000000000
110490  -54.731  4.326  2.429 0.0000000000
110491  -54.389  4.525  2.064 0.0000000000
110492  -54.046  4.742  1.687 0.0000000000
110493  -52.255  6.622  2.062 0.0000000000
110494  -52.707  6.215  1.583 0.0000000000
110495  -52.413  6.566  1.335 0.0000000000
110496  -52.357  6.355  0.749 0.0000000000
110497  -52.112  6.095  0.299 0.0000000000
110498  -51.715  5.793  0.064 0.0000000000
110499  -51.762  6.428  0.153 0.0000000000
110500  -51.404  6.730  0.078 0.0000000000
110501  -51.039  7.074  0.032 0.0000000000
110502  -45.673  9.949  17.242 0.0000000000
110503  -45.773  9.472  16.671 0.0000000000
110504  -46.086  9.988  16.792 0.0000000000
110505  -46.480  9.996  16.317 0.0000000000
110506  -46.808  9.995  15.786 0.0000000000
110507  -48.573  11.291  14.958 0.0000000000
110508  -48.172  10.861  14.846 0.0000000000
110509  -48.476  10.838  14.250 0.0000000000
110510  -48.339  10.406  13.537 0.0000000000
110511  -48.224  9.957  12.789 0.0000000000
110512  -48.137  9.488  12.044 0.0000000000
110513  -48.458  9.964  12.123 0.0000000000
110514  -48.689  9.976  11.441 0.0000000000
110515  -48.908  9.988  10.735 0.0000000000
110516  -52.650  14.184  16.041 0.0000000000
110517  -52.190  13.894  15.942 0.0000000000
110518  -52.539  13.773  15.217 0.0000000000
110519  -52.358  13.384  14.413 0.0000000000
110520  -52.130  13.000  13.559 0.0000000000
110521  -52.238  12.190  9.578 0.0000000000
110522  -52.080  12.186  10.343 0.0000000000
110523  -51.779  11.889  9.547 0.0000000000
110524  -51.260  11.562  9.527 0.0000000000
110525  -50.736  11.214  9.476 0.0000000000
110526  -50.217  10.846  9.416 0.0000000000
110527  -50.499  10.876  8.713 0.0000000000
110528  -50.282  10.494  7.950 0.0000000000
110529  -50.152  10.107  7.199 0.0000000000
110530  -50.069  9.659  6.488 0.0000000000
110531  -50.395  10.126  6.461 0.0000000000
110532  -50.629  10.133  5.709 0.0000000000
110533  -50.830  10.151  4.931 0.0000000000
110534  -51.266  11.397  3.198 0.0000000000
110535  -51.275  10.997  3.182 0.0000000000
110536  -51.071  10.953  2.416 0.0000000000
110537  -50.918  10.454  1.705 0.0000000000
110538  -50.782  9.893  1.105 0.0000000000
110539  -50.623  9.275  0.629 0.0000000000
110540  -50.326  9.663  0.658 0.0000000000
110541  -49.819  9.361  0.463 0.0000000000
110542  -49.270  9.013  0.451 0.0000000000
110543  -48.720  8.564  0.558 0.0000000000
110544  -48.923  9.357  0.612 0.0000000000
110545  -48.589  9.734  0.814 0.0000000000
110547  -48.463  12.278  2.671 0.0000000000
110548  -48.169  11.846  2.090 0.0000000000
110549  -47.843  12.033  2.365 0.0000000000
110550  -47.225  11.750  2.205 0.0000000000
110556  -49.837  14.706  9.349 0.0000000000
110557  -49.754  14.324  8.517 0.0000000000
110558  -49.332  14.529  8.775 0.0000000000
110559  -48.847  14.381  8.192 0.0000000000
110560  -48.390  14.250  7.632 0.0000000000
110561  -46.229  14.843  7.198 0.0000000000
110562  -46.556  14.550  7.035 0.0000000000
110563  -46.035  14.472  6.562 0.0000000000
110564  -45.863  14.150  5.855 0.0000000000
110565  -45.661  13.829  5.163 0.0000000000
110566  -45.426  13.501  4.521 0.0000000000
110567  -45.111  13.738  4.829 0.0000000000
110568  -44.548  13.581  4.590 0.0000000000
110570  -43.463  13.096  4.583 0.0000000000
110571  -43.654  13.600  4.806 0.0000000000
110572  -43.359  13.852  5.132 0.0000000000
110573  -43.054  14.104  5.466 0.0000000000
110574  -43.420  16.043  6.914 0.0000000000
110575  -43.103  15.579  6.626 0.0000000000
110576  -42.873  15.905  6.860 0.0000000000
110577  -42.296  15.718  6.889 0.0000000000
110578  -41.761  15.537  6.974 0.0000000000
110579  -41.242  15.337  7.109 0.0000000000
110580  -41.508  15.860  7.260 0.0000000000
110581  -41.282  16.189  7.511 0.0000000000
117331  -47.774  4.112  14.768 0.0000000000
117332  -48.083  4.145  14.145 0.0000000000
117333  -47.496  4.456  14.460 0.0000000000
117334  -47.270  4.885  14.177 0.0000000000
117335  -47.069  5.337  13.910 0.0000000000
117336  -46.359  5.744  14.858 0.0000000000
117337  -46.660  5.787  14.288 0.0000000000
117338  -46.919  5.813  13.693 0.0000000000
117339  -46.826  6.342  13.530 0.0000000000
117340  -46.786  6.858  13.400 0.0000000000
117341  -46.853  7.355  13.302 0.0000000000
117343  -53.746  17.857  18.701 0.0000000000
117344  -53.816  18.352  18.465 0.0000000000
117345  -53.963  18.203  17.840 0.0000000000
117346  -54.047  18.010  17.199 0.0000000000
117347  -53.977  19.156  17.211 0.0000000000
117348  -53.990  18.452  16.912 0.0000000000
117349  -53.960  17.804  16.471 0.0000000000
117350  -53.735  17.615  15.793 0.0000000000
117351  -53.404  17.451  15.165 0.0000000000
117352  -52.956  17.323  14.548 0.0000000000
117353  -52.470  17.182  14.001 0.0000000000
117354  -52.768  17.742  14.383 0.0000000000
117355  -52.612  18.166  14.168 0.0000000000
117356  -52.490  18.593  13.843 0.0000000000
117357  -53.320  19.327  14.575 0.0000000000
117358  -52.899  19.157  13.995 0.0000000000
117359  -52.442  19.002  13.483 0.0000000000
117360  -52.416  19.395  13.095 0.0000000000
117361  -52.407  19.768  12.637 0.0000000000
117362  -52.423  20.098  12.158 0.0000000000
118842  -52.019  2.752  1.968 0.0000000000
119851  -42.553  10.704  20.767 0.0000000000
119852  -43.121  10.852  20.515 0.0000000000
119853  -42.925  11.145  20.913 0.0000000000
119854  -43.309  11.604  21.086 0.0000000000
119855  -43.697  12.061  21.247 0.0000000000
119856  -42.787  12.294  21.723 0.0000000000
119857  -43.447  12.403  21.579 0.0000000000
119858  -44.092  12.495  21.441 0.0000000000
122992  -54.057  3.775  17.867 0.0000000000
122993  -53.402  3.530  17.512 0.0000000000
122994  -52.776  3.324  17.169 0.0000000000
122995  -52.769  3.331  17.739 0.0000000000
122996  -52.109  3.198  17.954 0.0000000000
122997  -51.428  3.087  18.155 0.0000000000
122998  -52.044  3.253  19.115 0.0000000000
122999  -51.373  3.091  18.709 0.0000000000
123000  -50.720  2.980  18.350 0.0000000000
123001  -49.996  2.874  18.537 0.0000000000
123002  -49.264  2.799  18.693 0.0000000000
123003  -48.510  2.787  18.808 0.0000000000
123016  -45.971  3.403  25.626 0.0000000000
123017  -45.317  3.313  25.321 0.0000000000
123018  -45.427  3.307  24.923 0.0000000000
123019  -45.550  3.271  24.511 0.0000000000
123021  -44.860  3.130  24.149 0.0000000000
123022  -45.694  3.209  24.099 0.0000000000
123023  -45.855  3.093  23.658 0.0000000000
123035  -42.077  4.844  20.038 0.0000000000
123036  -41.808  5.493  19.879 0.0000000000
123037  -41.511  5.214  20.193 0.0000000000
123038  -40.966  5.620  20.402 0.0000000000
123039  -40.451  6.053  20.631 0.0000000000
123040  -40.360  5.047  21.062 0.0000000000
123041  -40.139  5.758  20.923 0.0000000000
123042  -39.975  6.468  20.847 0.0000000000
124965  -50.190  4.516  8.931 0.0000000000
124966  -50.830  4.278  8.586 0.0000000000
124967  -50.497  4.559  8.248 0.0000000000
124968  -50.830  4.662  7.550 0.0000000000
124969  -51.208  4.732  6.869 0.0000000000
124970  -50.292  5.365  6.994 0.0000000000
124971  -50.899  5.060  6.583 0.0000000000
124972  -51.575  4.813  6.166 0.0000000000
124973  -51.946  4.941  5.483 0.0000000000
124974  -52.361  5.058  4.784 0.0000000000
124975  -52.799  5.189  4.019 0.0000000000
124976  -53.254  5.289  3.261 0.0000000000
124977  -52.545  5.499  3.688 0.0000000000
124978  -52.334  5.838  3.357 0.0000000000
124979  -52.085  6.192  3.103 0.0000000000
124980  -51.052  6.439  4.403 0.0000000000
124981  -51.466  6.524  3.641 0.0000000000
124982  -51.883  6.587  2.867 0.0000000000
124983  -51.731  6.987  2.639 0.0000000000
124984  -51.607  7.379  2.427 0.0000000000
124985  -51.514  7.807  2.238 0.0000000000
124986  -47.187  11.808  17.835 0.0000000000
124987  -47.188  11.394  17.214 0.0000000000
124988  -47.589  11.842  17.350 0.0000000000
124989  -47.979  11.835  16.799 0.0000000000
124990  -48.337  11.787  16.231 0.0000000000
124991  -48.827  12.646  17.083 0.0000000000
124992  -48.766  12.209  16.386 0.0000000000
124993  -48.663  11.755  15.672 0.0000000000
124994  -48.986  11.721  15.101 0.0000000000
124995  -49.319  11.667  14.494 0.0000000000
124996  -49.617  11.628  13.872 0.0000000000
124997  -53.572  13.830  13.037 0.0000000000
124998  -53.286  13.504  12.965 0.0000000000
124999  -53.391  13.476  12.163 0.0000000000
125000  -53.178  13.138  11.311 0.0000000000
125001  -52.944  12.814  10.480 0.0000000000
125002  -53.162  13.168  9.711 0.0000000000
125003  -52.964  12.832  9.671 0.0000000000
125004  -52.691  12.516  9.660 0.0000000000
125005  -52.344  12.203  8.785 0.0000000000
125006  -52.021  11.911  7.936 0.0000000000
125007  -51.729  11.622  7.133 0.0000000000
125008  -51.455  11.321  6.375 0.0000000000
125009  -51.800  11.656  6.332 0.0000000000
125010  -51.784  11.694  5.491 0.0000000000
125011  -51.678  11.743  4.731 0.0000000000
125012  -52.015  12.411  5.562 0.0000000000
125013  -51.736  12.108  4.774 0.0000000000
125014  -51.486  11.773  3.976 0.0000000000
125015  -51.197  11.777  3.238 0.0000000000
125016  -50.793  11.676  2.574 0.0000000000
125017  -50.270  11.528  2.009 0.0000000000
125018  -49.713  11.352  1.583 0.0000000000
125019  -50.014  11.830  2.207 0.0000000000
125020  -49.728  12.117  2.507 0.0000000000
125021  -49.413  12.305  2.762 0.0000000000
125022  -50.251  12.759  4.019 0.0000000000
125023  -49.685  12.651  3.500 0.0000000000
125024  -49.088  12.503  3.005 0.0000000000
125025  -48.746  12.647  3.357 0.0000000000
125026  -48.404  12.804  3.680 0.0000000000
125027  -48.036  12.990  3.987 0.0000000000
125028  -48.427  15.928  9.835 0.0000000000
125029  -48.235  15.400  9.246 0.0000000000
125030  -47.940  15.778  9.290 0.0000000000
125031  -47.415  15.580  8.767 0.0000000000
125032  -46.916  15.431  8.280 0.0000000000
125033  -46.891  16.294  8.872 0.0000000000
125034  -46.650  15.788  8.358 0.0000000000
125035  -46.430  15.289  7.796 0.0000000000
125036  -45.950  15.156  7.324 0.0000000000
125037  -45.440  15.053  6.899 0.0000000000
125038  -44.941  14.957  6.526 0.0000000000
125039  -44.464  14.851  6.185 0.0000000000
125040  -44.689  15.242  6.707 0.0000000000
125041  -44.424  15.545  6.850 0.0000000000
125042  -44.185  15.839  6.944 0.0000000000
125043  -45.023  16.462  7.654 0.0000000000
125044  -44.483  16.274  7.298 0.0000000000
125045  -43.941  16.153  7.056 0.0000000000
125046  -43.729  16.497  7.185 0.0000000000
125047  -43.523  16.854  7.311 0.0000000000
125048  -43.324  17.191  7.485 0.0000000000
134425  -53.035  3.563  12.666 0.0000000000
134426  -53.276  3.643  11.997 0.0000000000
134427  -52.642  3.548  12.250 0.0000000000
134428  -52.221  3.525  11.839 0.0000000000
134429  -51.786  3.557  11.410 0.0000000000
134430  -50.884  3.534  12.366 0.0000000000
134431  -51.118  3.584  11.697 0.0000000000
134432  -51.356  3.631  11.010 0.0000000000
134433  -50.956  3.758  10.628 0.0000000000
134434  -50.581  3.934  10.248 0.0000000000
134435  -50.218  4.176  9.916 0.0000000000
134436  -48.374  4.176  13.520 0.0000000000
134437  -48.611  4.245  12.909 0.0000000000
134438  -48.836  4.293  12.269 0.0000000000
134439  -48.026  4.990  12.295 0.0000000000
134440  -48.529  4.646  11.938 0.0000000000
134441  -49.086  4.338  11.587 0.0000000000
134442  -49.344  4.368  10.916 0.0000000000
134443  -49.613  4.403  10.251 0.0000000000
134444  -49.903  4.461  9.597 0.0000000000
134445  -49.616  4.792  9.290 0.0000000000
134446  -49.362  5.186  9.035 0.0000000000
134447  -49.128  5.625  8.803 0.0000000000
134448  -48.420  6.024  9.892 0.0000000000
134449  -48.701  6.055  9.242 0.0000000000
134450  -48.962  6.108  8.579 0.0000000000
134451  -48.884  6.551  8.348 0.0000000000
134452  -48.804  7.049  8.180 0.0000000000
134453  -48.805  7.568  8.098 0.0000000000
134454  -51.000  14.873  19.203 0.0000000000
134455  -50.950  14.516  18.457 0.0000000000
134456  -51.473  14.853  18.664 0.0000000000
134457  -51.948  14.795  18.044 0.0000000000
134458  -52.390  14.691  17.423 0.0000000000
134459  -52.877  15.466  18.273 0.0000000000
134460  -52.835  15.016  17.519 0.0000000000
134461  -52.752  14.600  16.802 0.0000000000
134462  -53.083  14.475  16.128 0.0000000000
134463  -53.405  14.344  15.396 0.0000000000
134464  -53.604  14.269  14.658 0.0000000000
134465  -53.884  17.235  18.214 0.0000000000
134466  -53.974  16.605  17.617 0.0000000000
134467  -53.988  16.010  16.920 0.0000000000
134468  -54.049  16.336  16.209 0.0000000000
134469  -54.040  15.910  16.225 0.0000000000
134470  -53.961  15.487  16.220 0.0000000000
134471  -53.917  15.025  15.473 0.0000000000
134472  -53.834  14.602  14.688 0.0000000000
134473  -53.715  14.209  13.887 0.0000000000
134474  -53.753  14.174  13.082 0.0000000000
134475  -53.713  14.144  12.291 0.0000000000
134476  -53.516  14.139  11.548 0.0000000000
134477  -53.444  14.841  12.502 0.0000000000
134478  -53.337  14.459  11.639 0.0000000000
134479  -53.201  14.126  10.817 0.0000000000
134480  -52.834  14.114  10.106 0.0000000000
134481  -52.409  14.089  9.407 0.0000000000
134482  -51.930  14.028  8.792 0.0000000000
134483  -51.467  13.944  8.189 0.0000000000
134484  -51.561  14.232  9.098 0.0000000000
134485  -51.170  14.421  9.410 0.0000000000
134486  -50.745  14.599  9.632 0.0000000000
134487  -51.308  15.091  10.996 0.0000000000
134488  -50.800  14.954  10.434 0.0000000000
134489  -50.307  14.821  9.870 0.0000000000
134490  -49.918  15.108  10.111 0.0000000000
134491  -49.555  15.384  10.235 0.0000000000
134492  -49.195  15.667  10.287 0.0000000000
134493  -51.995  17.040  13.459 0.0000000000
134494  -51.484  16.873  12.968 0.0000000000
134495  -50.953  16.713  12.431 0.0000000000
134496  -51.045  17.723  12.669 0.0000000000
134497  -50.711  17.133  12.352 0.0000000000
134498  -50.441  16.561  11.911 0.0000000000
134499  -49.897  16.398  11.423 0.0000000000
134500  -49.395  16.232  10.853 0.0000000000
134501  -48.913  16.067  10.331 0.0000000000
134502  -48.654  16.453  10.328 0.0000000000
134503  -48.464  16.845  10.280 0.0000000000
134504  -48.283  17.253  10.149 0.0000000000
134505  -49.209  18.027  10.801 0.0000000000
134506  -48.652  17.838  10.416 0.0000000000
134507  -48.105  17.639  10.009 0.0000000000
134508  -47.985  18.026  9.842 0.0000000000
134509  -47.883  18.395  9.633 0.0000000000
134510  -47.783  18.736  9.391 0.0000000000
141142  -44.350  7.580  17.395 0.0000000000
141143  -44.739  7.696  16.972 0.0000000000
141144  -44.478  8.195  17.397 0.0000000000
141145  -44.652  8.818  17.437 0.0000000000
141146  -44.927  9.361  17.515 0.0000000000
141147  -44.289  9.663  18.393 0.0000000000
141148  -44.770  9.777  18.021 0.0000000000
141149  -45.254  9.878  17.639 0.0000000000
141150  -45.592  10.382  17.807 0.0000000000
141151  -45.961  10.847  17.950 0.0000000000
141152  -46.365  11.314  18.070 0.0000000000
141153  -43.673  10.978  20.251 0.0000000000
141154  -44.229  11.131  19.985 0.0000000000
141155  -44.770  11.268  19.688 0.0000000000
141156  -45.083  11.976  20.374 0.0000000000
141157  -45.209  11.695  19.880 0.0000000000
141158  -45.303  11.403  19.379 0.0000000000
141159  -45.822  11.540  19.061 0.0000000000
141160  -46.299  11.643  18.671 0.0000000000
141161  -46.768  11.732  18.253 0.0000000000
141162  -47.203  12.179  18.416 0.0000000000
141163  -47.634  12.624  18.549 0.0000000000
141164  -48.051  13.006  18.707 0.0000000000
141165  -47.578  13.215  19.735 0.0000000000
141166  -48.042  13.316  19.317 0.0000000000
141167  -48.498  13.389  18.858 0.0000000000
141168  -48.968  13.760  19.043 0.0000000000
141169  -49.481  14.114  19.247 0.0000000000
141170  -49.998  14.480  19.475 0.0000000000
141189  -47.018  14.536  21.667 0.0000000000
141190  -47.675  14.591  21.483 0.0000000000
141191  -48.325  14.662  21.314 0.0000000000
141192  -48.468  15.469  21.592 0.0000000000
141193  -48.733  15.104  21.368 0.0000000000
141194  -48.918  14.738  20.952 0.0000000000
141195  -49.490  14.771  20.584 0.0000000000
141196  -50.009  14.790  20.161 0.0000000000
141197  -50.513  14.841  19.665 0.0000000000
141198  -51.002  15.221  19.883 0.0000000000
141199  -51.468  15.649  20.037 0.0000000000
141200  -51.897  16.070  20.080 0.0000000000
141201  -51.161  16.488  20.915 0.0000000000
141202  -51.730  16.531  20.542 0.0000000000
141203  -52.278  16.514  20.136 0.0000000000
141204  -52.582  17.001  20.084 0.0000000000
141205  -52.813  17.527  19.939 0.0000000000
141206  -53.015  18.037  19.773 0.0000000000
141213  -52.137  18.588  20.140 0.0000000000
149275  -57.171  4.650  12.353 0.0000000000
149276  -56.616  4.547  12.096 0.0000000000
149277  -56.059  4.400  11.821 0.0000000000
149278  -55.460  4.220  12.103 0.0000000000
149279  -54.840  4.009  12.418 0.0000000000
149280  -54.248  3.816  12.685 0.0000000000
149300  -56.590  4.713  14.404 0.0000000000
149301  -55.971  4.467  14.125 0.0000000000
149302  -55.304  4.225  14.990 0.0000000000
149303  -55.329  4.223  14.399 0.0000000000
149304  -55.382  4.228  13.834 0.0000000000
149305  -54.797  3.975  13.534 0.0000000000
149306  -54.189  3.787  13.266 0.0000000000
149307  -53.616  3.654  12.959 0.0000000000
149308  -52.986  3.520  13.204 0.0000000000
149309  -52.349  3.399  13.427 0.0000000000
149310  -51.684  3.319  13.741 0.0000000000
149311  -52.268  3.333  14.614 0.0000000000
149312  -51.655  3.291  14.303 0.0000000000
149313  -51.004  3.313  13.980 0.0000000000
149314  -50.337  3.337  14.223 0.0000000000
149315  -49.660  3.407  14.491 0.0000000000
149316  -48.955  3.542  14.727 0.0000000000
149317  -52.137  3.206  16.831 0.0000000000
149318  -51.517  3.123  16.527 0.0000000000
149319  -50.883  3.084  16.197 0.0000000000
149320  -50.105  2.986  16.916 0.0000000000
149321  -50.162  3.043  16.410 0.0000000000
149322  -50.198  3.114  15.880 0.0000000000
149323  -49.540  3.219  15.594 0.0000000000
149324  -48.885  3.424  15.275 0.0000000000
149325  -48.279  3.723  15.009 0.0000000000
149326  -47.652  3.969  15.283 0.0000000000
149327  -47.083  4.248  15.546 0.0000000000
149328  -46.543  4.590  15.798 0.0000000000
149331  -46.033  5.008  16.068 0.0000000000
149332  -45.565  5.457  16.366 0.0000000000
149334  -44.762  6.378  17.026 0.0000000000
149361  -53.091  4.063  22.002 0.0000000000
149368  -51.060  4.520  26.523 0.0000000000
149369  -51.240  4.542  26.149 0.0000000000
149370  -51.383  4.518  25.731 0.0000000000
149371  -46.778  3.577  25.612 0.0000000000
149372  -47.553  3.712  25.555 0.0000000000
149373  -48.354  3.855  25.529 0.0000000000
149374  -47.861  3.615  24.798 0.0000000000
149375  -48.501  3.787  25.150 0.0000000000
149376  -49.132  3.977  25.461 0.0000000000
149377  -49.961  4.132  25.423 0.0000000000
149378  -50.760  4.285  25.364 0.0000000000
149379  -51.533  4.446  25.283 0.0000000000
149380  -51.692  4.349  24.816 0.0000000000
149381  -51.866  4.249  24.350 0.0000000000
149382  -52.004  4.159  23.845 0.0000000000
149383  -50.561  3.702  23.632 0.0000000000
149384  -51.359  3.872  23.433 0.0000000000
149385  -52.130  4.079  23.307 0.0000000000
149386  -52.254  3.995  22.757 0.0000000000
149387  -52.342  3.878  22.210 0.0000000000
149388  -52.427  3.760  21.654 0.0000000000
149389  -51.792  3.488  21.310 0.0000000000
149390  -51.172  3.245  20.941 0.0000000000
149391  -50.518  3.031  20.556 0.0000000000
149392  -49.601  2.937  21.282 0.0000000000
149393  -49.751  2.883  20.729 0.0000000000
149394  -49.817  2.860  20.169 0.0000000000
149395  -49.115  2.765  19.759 0.0000000000
149396  -48.437  2.729  19.345 0.0000000000
149397  -47.754  2.790  19.003 0.0000000000
149398  -46.371  2.697  21.716 0.0000000000
149399  -46.473  2.661  21.181 0.0000000000
149400  -46.579  2.649  20.655 0.0000000000
149402  -45.948  2.796  20.274 0.0000000000
149403  -46.757  2.678  20.170 0.0000000000
149404  -46.866  2.766  19.667 0.0000000000
149405  -46.969  2.859  19.157 0.0000000000
149406  -47.074  2.952  18.653 0.0000000000
149414  -44.490  6.138  17.405 0.0000000000
149415  -44.360  6.872  17.396 0.0000000000
149416  -44.008  7.352  17.761 0.0000000000
149417  -43.697  7.840  18.128 0.0000000000
149418  -43.442  8.334  18.521 0.0000000000
149419  -43.021  7.314  18.730 0.0000000000
149420  -43.056  8.083  18.813 0.0000000000
149421  -43.185  8.776  18.940 0.0000000000
149423  -42.704  9.523  19.777 0.0000000000
149424  -42.446  9.832  20.165 0.0000000000
149425  -41.626  6.199  19.802 0.0000000000
149426  -41.565  6.924  19.796 0.0000000000
149431  -41.805  8.977  20.173 0.0000000000
149432  -41.993  9.578  20.363 0.0000000000
149433  -42.272  10.145  20.572 0.0000000000
149434  -42.047  10.455  20.936 0.0000000000
149435  -41.809  10.797  21.277 0.0000000000
149436  -41.550  11.173  21.578 0.0000000000
149437  -40.779  10.427  21.571 0.0000000000
149438  -41.018  10.985  21.695 0.0000000000
149439  -41.272  11.560  21.809 0.0000000000
154382  -56.028  1.125  5.697 0.0000000000
154383  -56.682  2.179  5.602 0.0000000000
154384  -56.304  1.725  5.389 0.0000000000
154385  -55.866  1.229  5.266 0.0000000000
154386  -55.668  1.344  4.872 0.0000000000
154387  -55.463  1.488  4.482 0.0000000000
154388  -55.191  1.681  4.070 0.0000000000
154389  -53.559  3.740  11.301 0.0000000000
154390  -53.841  3.821  10.588 0.0000000000
154391  -54.067  3.897  9.886 0.0000000000
154392  -53.014  3.761  9.772 0.0000000000
154393  -53.688  3.856  9.496 0.0000000000
154394  -54.376  3.975  9.227 0.0000000000
154398  -51.497  4.106  8.254 0.0000000000
154399  -52.188  4.012  7.948 0.0000000000
154400  -52.906  4.002  7.618 0.0000000000
154401  -52.920  4.234  6.533 0.0000000000
154404  -54.354  4.080  7.017 0.0000000000
154405  -55.055  4.134  6.698 0.0000000000
154407  -56.061  4.011  5.660 0.0000000000
154408  -56.230  3.797  5.042 0.0000000000
154409  -56.257  3.502  4.516 0.0000000000
154410  -55.666  4.030  4.182 0.0000000000
154411  -55.979  3.641  4.072 0.0000000000
154412  -56.133  3.155  4.099 0.0000000000
154413  -55.814  2.746  3.838 0.0000000000
154414  -55.419  2.303  3.686 0.0000000000
154415  -54.908  1.858  3.658 0.0000000000
154416  -54.556  2.069  3.269 0.0000000000
154417  -54.207  2.275  2.871 0.0000000000
154418  -53.842  2.458  2.509 0.0000000000
154419  -54.502  3.473  2.179 0.0000000000
154420  -54.019  3.069  2.083 0.0000000000
154421  -53.457  2.666  2.225 0.0000000000
154422  -53.072  2.875  1.917 0.0000000000
154423  -52.631  3.104  1.655 0.0000000000
154424  -52.214  3.347  1.381 0.0000000000
154425  -53.608  5.304  2.531 0.0000000000
154426  -53.778  5.190  1.866 0.0000000000
154427  -53.692  4.975  1.319 0.0000000000
154428  -53.064  5.747  1.217 0.0000000000
154429  -53.311  5.245  0.991 0.0000000000
154430  -53.384  4.670  0.975 0.0000000000
154431  -52.930  4.310  0.841 0.0000000000
154432  -52.376  3.949  0.925 0.0000000000
154433  -51.787  3.586  1.148 0.0000000000
154434  -51.401  3.825  1.028 0.0000000000
154435  -51.005  4.064  0.900 0.0000000000
154436  -50.563  4.376  0.838 0.0000000000
154437  -51.222  5.385  0.172 0.0000000000
154438  -50.674  5.041  0.393 0.0000000000
154439  -50.137  4.660  0.806 0.0000000000
154440  -49.751  4.909  0.846 0.0000000000
154443  -45.098  7.762  16.507 0.0000000000
154444  -45.477  7.837  16.011 0.0000000000
154445  -45.824  7.863  15.539 0.0000000000
154446  -45.887  8.960  16.105 0.0000000000
154447  -46.000  8.420  15.551 0.0000000000
154448  -46.148  7.872  14.988 0.0000000000
154449  -46.451  7.886  14.412 0.0000000000
154450  -46.719  7.901  13.848 0.0000000000
154451  -46.969  7.923  13.263 0.0000000000
154452  -47.179  10.943  16.570 0.0000000000
154453  -47.146  10.474  15.894 0.0000000000
154454  -47.121  9.989  15.231 0.0000000000
154455  -47.782  10.418  14.732 0.0000000000
154456  -47.417  9.968  14.642 0.0000000000
154457  -47.115  9.478  14.591 0.0000000000
154458  -47.108  8.980  13.910 0.0000000000
154459  -47.134  8.460  13.251 0.0000000000
154460  -47.216  7.944  12.634 0.0000000000
154461  -47.457  7.954  12.005 0.0000000000
154462  -47.663  7.960  11.362 0.0000000000
154463  -47.896  7.960  10.688 0.0000000000
154464  -48.068  9.001  11.322 0.0000000000
154465  -48.055  8.496  10.647 0.0000000000
154466  -48.130  7.983  10.038 0.0000000000
154467  -48.397  8.029  9.371 0.0000000000
154468  -48.625  8.059  8.696 0.0000000000
154469  -48.886  8.069  8.003 0.0000000000
154470  -50.866  14.149  17.724 0.0000000000
154471  -50.762  13.761  16.997 0.0000000000
154472  -50.645  13.350  16.271 0.0000000000
154473  -51.622  13.576  15.762 0.0000000000
154474  -51.045  13.252  15.627 0.0000000000
154475  -50.492  12.910  15.508 0.0000000000
154476  -50.347  12.467  14.743 0.0000000000
154477  -50.154  12.033  13.977 0.0000000000
154478  -49.931  11.615  13.198 0.0000000000
154479  -52.874  13.202  12.854 0.0000000000
154480  -52.428  12.923  12.794 0.0000000000
154481  -51.874  12.602  12.699 0.0000000000
154482  -51.900  12.227  11.165 0.0000000000
154483  -51.605  12.221  11.873 0.0000000000
154484  -51.322  12.295  12.659 0.0000000000
154485  -50.759  11.973  12.592 0.0000000000
154486  -50.197  11.590  12.455 0.0000000000
154487  -49.701  11.193  12.377 0.0000000000
154488  -49.516  10.814  11.587 0.0000000000
154489  -49.326  10.413  10.825 0.0000000000
154490  -49.171  10.005  10.069 0.0000000000
154491  -49.794  10.432  9.390 0.0000000000
154492  -49.403  10.005  9.344 0.0000000000
154493  -49.057  9.566  9.309 0.0000000000
154494  -49.005  9.073  8.605 0.0000000000
154495  -49.051  8.579  7.937 0.0000000000
154496  -49.188  8.107  7.300 0.0000000000
154497  -49.458  8.158  6.621 0.0000000000
154498  -49.775  8.174  5.943 0.0000000000
154499  -50.133  8.203  5.216 0.0000000000
154500  -50.088  9.186  5.803 0.0000000000
154504  -51.186  8.265  2.892 0.0000000000
154505  -51.415  8.278  2.087 0.0000000000
154506  -51.234  10.958  5.611 0.0000000000
154507  -51.102  10.576  4.862 0.0000000000
154508  -51.051  10.172  4.132 0.0000000000
154509  -51.203  10.600  3.244 0.0000000000
154510  -51.142  10.174  3.314 0.0000000000
154511  -51.046  9.728  3.420 0.0000000000
154512  -51.165  9.272  2.657 0.0000000000
154513  -51.325  8.758  1.960 0.0000000000
154514  -51.497  8.195  1.323 0.0000000000
154515  -51.399  8.020  0.668 0.0000000000
154516  -51.091  7.774  0.204 0.0000000000
154517  -50.679  7.476  0.041 0.0000000000
154518  -50.445  8.581  0.277 0.0000000000
154519  -50.312  7.856  0.086 0.0000000000
154520  -50.178  7.120  0.052 0.0000000000
154521  -49.645  6.717  0.215 0.0000000000
154533  -49.140  11.091  1.344 0.0000000000
154534  -48.539  10.783  1.220 0.0000000000
154536  -47.872  11.280  1.667 0.0000000000
154537  -47.632  10.651  1.458 0.0000000000
154551  -50.998  13.840  7.582 0.0000000000
154552  -50.512  13.728  6.951 0.0000000000
154553  -49.974  13.592  6.363 0.0000000000
154554  -49.657  13.976  7.613 0.0000000000
154555  -49.570  13.715  6.711 0.0000000000
154556  -49.400  13.464  5.821 0.0000000000
154557  -48.805  13.351  5.316 0.0000000000
154558  -48.254  13.245  4.798 0.0000000000
154559  -47.669  13.139  4.321 0.0000000000
154560  -48.090  14.926  8.565 0.0000000000
154561  -47.974  14.493  7.842 0.0000000000
154562  -47.843  14.108  7.106 0.0000000000
154563  -46.925  14.279  6.843 0.0000000000
154564  -47.287  14.046  6.563 0.0000000000
154565  -47.684  13.841  6.304 0.0000000000
154566  -47.510  13.579  5.458 0.0000000000
154567  -47.309  13.313  4.636 0.0000000000
154568  -47.073  13.016  3.886 0.0000000000
154569  -46.440  12.843  3.590 0.0000000000
154570  -45.840  12.655  3.376 0.0000000000
154571  -45.288  12.431  3.247 0.0000000000
154572  -45.149  13.113  3.949 0.0000000000
154573  -44.949  12.649  3.555 0.0000000000
154574  -44.777  12.113  3.355 0.0000000000
154575  -44.296  11.778  3.577 0.0000000000
154581  -42.999  12.769  4.814 0.0000000000
154582  -42.586  12.397  5.183 0.0000000000
154587  -43.875  14.719  5.923 0.0000000000
154588  -43.307  14.560  5.782 0.0000000000
154589  -42.761  14.378  5.754 0.0000000000
154590  -42.771  15.112  6.323 0.0000000000
154591  -42.508  14.647  6.060 0.0000000000
154592  -42.286  14.148  5.873 0.0000000000
154599  -40.748  15.081  7.336 0.0000000000
154775  -52.473  20.454  11.595 0.0000000000
154787  -50.076  19.861  10.138 0.0000000000
154790  -49.502  19.675  9.843 0.0000000000
154791  -48.880  19.495  9.579 0.0000000000
154792  -48.269  19.296  9.313 0.0000000000
154793  -47.687  19.087  9.016 0.0000000000
154818  -48.132  19.940  8.487 0.0000000000
154819  -47.622  19.420  8.664 0.0000000000
154820  -47.090  18.866  8.748 0.0000000000
154821  -46.567  18.625  8.488 0.0000000000
154822  -46.012  18.452  8.202 0.0000000000
154823  -45.423  18.254  7.981 0.0000000000
154824  -45.658  19.323  7.889 0.0000000000
154825  -45.226  18.686  7.870 0.0000000000
154826  -44.837  18.059  7.787 0.0000000000
154827  -44.276  17.916  7.721 0.0000000000
154828  -43.693  17.790  7.688 0.0000000000
