#!ascii label  , from subject fsaverage_sym vox2ras=TkReg
2018
161713  -38.385  -86.970  -11.194 0.1000000015
161714  -37.828  -87.434  -11.675 0.1000000015
93857  -36.412  -88.550  -11.546 0.1000000015
161715  -37.248  -87.848  -12.136 0.1000000015
56588  -36.627  -88.164  -12.612 0.1000000015
161717  -37.422  -87.399  -13.174 0.1000000015
119158  -36.005  -88.348  -13.410 0.1000000015
1526  -36.799  -87.489  -14.102 0.1000000015
46988  -36.775  -87.234  -14.455 0.1000000015
46986  -36.077  -87.862  -14.381 0.1000000015
46987  -36.036  -87.597  -14.691 0.1000000015
16268  -36.709  -86.941  -14.734 0.1000000015
103009  -35.958  -87.295  -14.935 0.1000000015
103008  -35.267  -87.940  -14.891 0.1000000015
71839  -35.850  -86.955  -15.115 0.1000000015
139327  -35.328  -85.716  -15.182 0.1000000015
16267  -35.160  -87.627  -15.124 0.1000000015
32701  -34.806  -86.895  -15.351 0.1000000015
71840  -35.007  -87.276  -15.284 0.1000000015
114138  -39.829  -85.560  -11.541 0.1000000015
90387  -38.514  -86.863  -11.733 0.1000000015
90386  -39.187  -86.238  -11.638 0.1000000015
40253  -37.940  -87.267  -12.189 0.1000000015
161724  -39.405  -85.833  -12.558 0.1000000015
90390  -38.726  -86.477  -12.635 0.1000000015
90389  -38.036  -87.077  -12.687 0.1000000015
161725  -38.769  -86.213  -13.053 0.1000000015
161718  -37.476  -87.176  -13.645 0.1000000015
40257  -38.148  -86.300  -13.943 0.1000000015
161728  -37.456  -86.636  -14.365 0.1000000015
103010  -36.599  -86.586  -14.893 0.1000000015
40289  -36.756  -80.915  -14.396 0.1000000015
161820  -36.113  -82.138  -14.533 0.1000000015
161819  -36.228  -82.664  -14.538 0.1000000015
161818  -36.365  -83.155  -14.605 0.1000000015
88  -35.827  -84.391  -14.916 0.1000000015
139328  -35.986  -84.886  -14.983 0.1000000015
32702  -36.158  -85.375  -15.019 0.1000000015
71843  -36.321  -85.812  -15.011 0.1000000015
71842  -35.494  -86.163  -15.197 0.1000000015
71841  -35.659  -86.583  -15.179 0.1000000015
53170  -40.829  -84.561  -10.383 0.1000000015
90393  -41.190  -83.863  -11.741 0.2000000030
90392  -41.104  -84.114  -11.329 0.2000000030
22450  -40.313  -85.047  -10.963 0.1000000015
114140  -41.239  -83.588  -12.096 0.1000000015
161722  -40.662  -84.363  -12.283 0.1000000015
161720  -40.461  -84.853  -11.443 0.1000000015
22452  -40.666  -84.077  -12.636 0.1000000015
161723  -40.048  -85.102  -12.445 0.1000000015
127861  -41.541  -75.268  -14.365 0.1000000015
114193  -40.924  -76.095  -14.335 0.1000000015
90394  -40.060  -84.493  -13.168 0.1000000015
90396  -39.462  -85.210  -13.337 0.1000000015
90397  -38.790  -85.930  -13.446 0.1000000015
114195  -40.381  -76.364  -14.468 0.1000000015
114194  -40.280  -76.826  -14.284 0.1000000015
90483  -40.188  -77.274  -14.115 0.1000000015
161828  -39.455  -78.427  -14.019 0.1000000015
22480  -39.494  -78.904  -13.940 0.1000000015
114191  -38.846  -79.651  -14.012 0.1000000015
10007  -39.428  -84.894  -13.606 0.1000000015
90400  -38.762  -85.299  -14.035 0.1000000015
161729  -37.379  -86.306  -14.593 0.1000000015
40291  -39.503  -77.985  -14.139 0.1000000015
161829  -38.794  -78.702  -14.173 0.1000000015
114192  -38.808  -79.172  -14.094 0.1000000015
22479  -38.232  -80.423  -14.089 0.1000000015
114189  -38.342  -80.922  -14.049 0.1000000015
90471  -38.566  -81.914  -14.041 0.1000000015
90472  -37.962  -82.677  -14.266 0.1000000015
40258  -38.054  -85.639  -14.414 0.1000000015
161730  -37.278  -85.948  -14.744 0.1000000015
10018  -38.104  -79.467  -14.229 0.1000000015
90477  -37.499  -80.699  -14.242 0.1000000015
161821  -37.590  -81.189  -14.212 0.1000000015
90473  -37.804  -82.187  -14.210 0.1000000015
40260  -37.498  -84.002  -14.582 0.1000000015
161735  -36.829  -84.700  -14.817 0.1000000015
40288  -36.916  -81.928  -14.370 0.1000000015
90474  -37.034  -82.420  -14.393 0.1000000015
40287  -37.168  -82.915  -14.444 0.1000000015
161736  -36.686  -84.195  -14.759 0.1000000015
161734  -37.001  -85.138  -14.824 0.1000000015
7400  -36.472  -86.206  -14.971 0.1000000015
5564  -41.799  -83.074  -11.534 0.1000000015
90391  -41.746  -83.362  -11.168 0.2000000030
127812  -41.521  -83.854  -10.268 0.1000000015
127811  -42.117  -83.346  -9.692 0.2000000030
53164  -41.967  -83.552  -9.266 0.2000000030
114139  -41.802  -82.775  -11.856 0.1000000015
114141  -41.214  -83.298  -12.414 0.1000000015
28467  -42.320  -73.819  -14.663 0.1000000015
127862  -41.732  -74.715  -14.616 0.1000000015
114142  -40.619  -83.767  -12.913 0.1000000015
114143  -40.000  -84.175  -13.404 0.1000000015
114145  -39.906  -83.840  -13.601 0.1000000015
5574  -40.832  -76.547  -14.132 0.1000000015
90482  -40.107  -77.713  -13.978 0.1000000015
161827  -40.091  -78.161  -13.844 0.1000000015
114144  -39.354  -84.571  -13.831 0.1000000015
53200  -40.098  -78.605  -13.728 0.1000000015
53199  -39.529  -79.368  -13.875 0.1000000015
114188  -39.048  -80.622  -13.895 0.1000000015
90470  -39.260  -81.580  -13.839 0.1000000015
161814  -38.863  -82.891  -14.090 0.1000000015
90403  -38.441  -84.165  -14.392 0.1000000015
161731  -38.685  -84.957  -14.218 0.1000000015
90404  -37.654  -84.467  -14.621 0.1000000015
161733  -37.160  -85.551  -14.799 0.1000000015
62773  -43.464  -80.625  -10.600 0.1000000015
62772  -43.499  -80.910  -10.320 0.1000000015
62774  -42.891  -81.170  -11.199 0.1000000015
28448  -42.947  -81.476  -10.943 0.1000000015
127817  -42.958  -81.762  -10.620 0.1000000015
28447  -42.930  -82.053  -10.274 0.2000000030
62769  -42.868  -82.335  -9.909 0.2000000030
127815  -42.374  -82.573  -10.930 0.2000000030
28445  -42.770  -82.584  -9.508 0.2000000030
127810  -42.646  -82.804  -9.100 0.2000000030
22451  -41.737  -82.482  -12.148 0.1000000015
127820  -42.260  -81.662  -11.791 0.1000000015
53171  -41.620  -82.156  -12.307 0.1000000015
53173  -41.009  -82.626  -12.804 0.1000000015
62804  -42.152  -74.373  -14.388 0.1000000015
127859  -41.884  -75.412  -13.881 0.1000000015
28465  -41.804  -75.916  -13.676 0.1000000015
62799  -41.785  -76.374  -13.492 0.1000000015
53172  -41.125  -82.969  -12.633 0.1000000015
53174  -40.412  -83.069  -13.287 0.1000000015
161852  -42.460  -73.307  -14.888 0.1000000015
161851  -42.816  -72.886  -14.629 0.1000000015
127860  -41.426  -75.745  -14.137 0.1000000015
127857  -41.337  -76.221  -13.921 0.1000000015
127854  -40.676  -77.869  -13.650 0.1000000015
2487  -40.707  -78.302  -13.496 0.1000000015
53197  -40.191  -79.496  -13.518 0.1000000015
114185  -40.309  -80.449  -13.293 0.1000000015
40285  -39.985  -81.723  -13.502 0.1000000015
161810  -40.135  -82.194  -13.482 0.1000000015
114146  -39.799  -83.467  -13.750 0.1000000015
40299  -42.613  -72.750  -15.122 0.1000000015
22478  -39.581  -79.812  -13.803 0.1000000015
22477  -39.757  -80.777  -13.633 0.1000000015
161813  -39.396  -82.105  -13.834 0.1000000015
161811  -39.541  -82.599  -13.829 0.1000000015
90401  -39.137  -83.836  -14.102 0.1000000015
161860  -42.761  -72.158  -15.359 0.1000000015
40301  -42.864  -71.596  -15.546 0.1000000015
90509  -42.350  -71.909  -15.684 0.1000000015
90508  -42.919  -70.927  -15.721 0.1000000015
40280  -43.663  -79.155  -10.767 0.1000000015
62775  -43.379  -80.373  -10.814 0.1000000015
90456  -43.511  -78.797  -10.991 0.1000000015
90457  -43.112  -79.675  -11.242 0.1000000015
62771  -43.935  -80.098  -9.989 0.1000000015
127816  -43.502  -81.202  -10.002 0.1000000015
62770  -43.472  -81.513  -9.638 0.2000000030
90458  -42.936  -79.297  -11.405 0.1000000015
161798  -42.656  -80.498  -11.570 0.1000000015
28449  -42.791  -80.855  -11.403 0.1000000015
62768  -43.393  -81.777  -9.291 0.2000000030
161805  -42.788  -78.909  -11.625 0.1000000015
40281  -42.484  -80.139  -11.693 0.1000000015
90500  -43.360  -70.894  -14.479 0.1000000015
40298  -43.155  -71.898  -14.541 0.1000000015
161850  -43.005  -72.478  -14.294 0.1000000015
5575  -42.857  -73.051  -14.063 0.1000000015
62803  -42.512  -73.997  -14.114 0.1000000015
62802  -42.360  -74.533  -13.859 0.1000000015
127858  -42.270  -75.028  -13.627 0.1000000015
161804  -42.649  -78.498  -11.859 0.1000000015
40283  -42.208  -79.329  -12.046 0.1000000015
161799  -41.997  -80.965  -12.077 0.1000000015
2484  -41.503  -81.804  -12.450 0.1000000015
62805  -42.661  -73.451  -14.374 0.1000000015
28463  -41.795  -76.801  -13.312 0.1000000015
127852  -41.817  -77.227  -13.120 0.1000000015
53194  -41.287  -78.027  -13.236 0.1000000015
90466  -41.101  -80.518  -12.805 0.1000000015
40284  -41.253  -80.979  -12.664 0.1000000015
53175  -40.899  -82.243  -12.939 0.1000000015
90499  -43.490  -70.298  -14.723 0.1000000015
127855  -41.244  -77.134  -13.545 0.1000000015
127853  -41.252  -77.581  -13.386 0.1000000015
53195  -41.309  -78.428  -13.105 0.1000000015
114184  -40.870  -79.607  -13.092 0.1000000015
10016  -40.969  -80.065  -12.952 0.1000000015
90467  -40.622  -81.390  -13.112 0.1000000015
161809  -40.774  -81.825  -13.030 0.1000000015
90501  -43.303  -71.320  -14.807 0.1000000015
90503  -43.127  -71.729  -15.120 0.1000000015
10021  -43.441  -70.742  -15.041 0.1000000015
161859  -43.254  -71.119  -15.346 0.1000000015
161858  -43.318  -70.514  -15.541 0.1000000015
22490  -42.917  -70.261  -15.870 0.1000000015
114210  -42.374  -70.612  -15.966 0.1000000015
5565  -43.889  -79.812  -10.267 0.1000000015
10015  -43.340  -78.441  -11.231 0.1000000015
90454  -43.837  -77.956  -10.786 0.1000000015
161795  -44.091  -78.640  -10.263 0.1000000015
13244  -43.947  -80.396  -9.705 0.1000000015
161802  -43.148  -78.060  -11.477 0.1000000015
161801  -43.413  -77.218  -11.337 0.1000000015
97569  -44.281  -79.278  -9.704 0.1000000015
97566  -43.938  -80.697  -9.401 0.1000000015
90461  -42.828  -77.274  -11.965 0.1000000015
40282  -42.980  -77.663  -11.725 0.1000000015
5563  -43.913  -80.966  -9.065 0.2000000030
161849  -43.220  -71.476  -14.209 0.1000000015
62801  -42.714  -73.609  -13.813 0.1000000015
13254  -42.606  -74.152  -13.581 0.1000000015
114181  -42.339  -77.693  -12.308 0.1000000015
90463  -42.087  -78.920  -12.252 0.1000000015
97565  -44.308  -80.144  -8.815 0.1000000015
62764  -44.304  -80.384  -8.474 0.2000000030
161847  -43.056  -72.071  -13.972 0.1000000015
62800  -42.213  -75.521  -13.411 0.1000000015
62797  -42.175  -76.447  -13.025 0.1000000015
22474  -41.816  -77.669  -12.923 0.1000000015
114182  -41.856  -78.092  -12.694 0.1000000015
90462  -41.454  -79.283  -12.673 0.1000000015
114206  -43.612  -69.692  -14.927 0.1000000015
161856  -43.533  -70.125  -15.233 0.1000000015
40300  -43.559  -69.504  -15.400 0.1000000015
90506  -43.518  -68.904  -15.537 0.1000000015
161857  -43.289  -69.885  -15.672 0.1000000015
114208  -43.231  -69.245  -15.792 0.1000000015
114209  -42.853  -69.608  -15.986 0.1000000015
161800  -43.573  -76.391  -11.228 0.1000000015
22473  -43.802  -76.742  -10.918 0.1000000015
114178  -44.038  -77.043  -10.595 0.1000000015
28460  -43.353  -76.025  -11.520 0.1000000015
114179  -43.635  -77.588  -11.055 0.1000000015
22472  -44.221  -77.405  -10.324 0.1000000015
161793  -44.198  -78.969  -9.993 0.1000000015
90460  -43.224  -76.834  -11.615 0.1000000015
161794  -44.363  -77.738  -10.038 0.1000000015
97568  -44.333  -79.549  -9.401 0.1000000015
127850  -42.622  -76.519  -12.462 0.1000000015
90459  -43.063  -76.474  -11.874 0.1000000015
161792  -44.571  -78.420  -9.462 0.1000000015
161848  -43.289  -70.507  -14.138 0.1000000015
40297  -43.153  -71.093  -13.883 0.1000000015
161846  -43.026  -71.690  -13.643 0.1000000015
97587  -42.927  -72.666  -13.737 0.1000000015
97585  -42.733  -73.799  -13.278 0.1000000015
5573  -42.529  -75.161  -13.171 0.1000000015
62796  -42.515  -75.638  -12.943 0.1000000015
28462  -42.544  -76.087  -12.707 0.1000000015
5572  -42.705  -76.890  -12.209 0.1000000015
13245  -44.626  -78.719  -9.154 0.1000000015
97567  -44.322  -79.860  -9.115 0.1000000015
22487  -43.407  -69.897  -14.369 0.1000000015
97584  -42.538  -74.677  -13.363 0.1000000015
62798  -42.180  -76.030  -13.212 0.1000000015
114180  -42.265  -77.283  -12.568 0.1000000015
97564  -44.595  -79.555  -8.224 0.1000000015
114205  -43.516  -69.296  -14.571 0.1000000015
22488  -43.603  -68.705  -14.749 0.1000000015
161855  -43.640  -69.131  -15.099 0.1000000015
90505  -43.638  -68.545  -15.236 0.1000000015
127868  -43.446  -67.288  -15.473 0.1000000015
5577  -43.421  -68.264  -15.654 0.1000000015
28471  -43.085  -66.989  -15.854 0.1000000015
127844  -43.616  -75.596  -11.118 0.1000000015
53193  -43.871  -75.895  -10.831 0.1000000015
53192  -44.100  -76.209  -10.530 0.1000000015
127845  -43.395  -75.257  -11.403 0.1000000015
114177  -44.291  -76.526  -10.228 0.1000000015
127846  -43.171  -75.693  -11.781 0.1000000015
62792  -43.211  -74.879  -11.699 0.1000000015
114176  -44.475  -76.866  -9.914 0.1000000015
40279  -44.480  -78.066  -9.749 0.1000000015
127849  -42.842  -75.685  -12.376 0.1000000015
28461  -43.055  -75.271  -12.040 0.1000000015
90453  -44.643  -77.210  -9.592 0.1000000015
114203  -43.288  -69.539  -14.026 0.1000000015
97586  -42.820  -73.239  -13.504 0.1000000015
62794  -42.708  -74.794  -12.878 0.1000000015
62795  -42.737  -75.264  -12.644 0.1000000015
127848  -42.950  -74.852  -12.299 0.1000000015
90452  -44.747  -77.555  -9.286 0.1000000015
43964  -44.641  -79.014  -8.854 0.1000000015
114204  -43.402  -68.936  -14.220 0.1000000015
90498  -43.163  -70.152  -13.791 0.1000000015
90497  -43.049  -70.746  -13.547 0.1000000015
13255  -42.924  -72.290  -13.425 0.1000000015
43974  -42.854  -72.868  -13.222 0.1000000015
97583  -42.709  -74.299  -13.093 0.1000000015
43965  -44.865  -78.178  -8.649 0.1000000015
53207  -43.495  -68.368  -14.406 0.1000000015
127865  -43.514  -67.230  -14.681 0.1000000015
53208  -43.528  -67.795  -14.566 0.1000000015
127866  -43.459  -66.685  -14.764 0.1000000015
28469  -43.570  -67.583  -15.014 0.1000000015
127867  -43.477  -66.983  -15.119 0.1000000015
127870  -43.244  -66.684  -15.572 0.1000000015
28470  -43.358  -66.344  -15.205 0.1000000015
5571  -43.071  -73.628  -11.797 0.1000000015
62791  -43.213  -74.047  -11.577 0.1000000015
28459  -43.393  -74.414  -11.292 0.1000000015
53191  -44.065  -75.391  -10.406 0.1000000015
97579  -42.972  -73.187  -12.053 0.1000000015
22471  -44.278  -75.704  -10.114 0.1000000015
43973  -42.878  -72.530  -12.906 0.1000000015
43972  -42.873  -73.087  -12.693 0.1000000015
97581  -42.906  -73.576  -12.444 0.1000000015
62793  -43.094  -74.459  -11.950 0.1000000015
114175  -44.485  -76.041  -9.817 0.1000000015
114202  -43.239  -68.638  -13.869 0.1000000015
7089  -43.146  -69.237  -13.670 0.1000000015
161845  -42.964  -71.323  -13.333 0.1000000015
13253  -42.834  -73.420  -13.022 0.1000000015
97582  -42.838  -73.964  -12.799 0.1000000015
90451  -44.815  -76.718  -9.186 0.1000000015
22486  -43.327  -68.041  -14.066 0.1000000015
161791  -44.821  -77.867  -8.965 0.1000000015
43963  -44.882  -78.461  -8.338 0.1000000015
53206  -43.402  -67.466  -14.243 0.1000000015
1379  -43.423  -66.896  -14.339 0.1000000015
127864  -43.396  -66.350  -14.412 0.1000000015
28468  -43.314  -65.818  -14.468 0.1000000015
62807  -43.346  -66.090  -14.856 0.1000000015
62806  -43.137  -65.253  -14.543 0.1000000015
5576  -42.913  -64.674  -14.618 0.1000000015
127869  -43.120  -65.784  -15.317 0.1000000015
127843  -43.612  -74.763  -10.976 0.1000000015
2486  -43.853  -75.102  -10.693 0.1000000015
53189  -43.973  -74.544  -10.292 0.1000000015
53190  -44.189  -74.870  -10.001 0.1000000015
137052  -43.029  -68.910  -13.269 0.1000000015
137049  -42.895  -70.974  -12.984 0.1000000015
617  -42.884  -71.554  -12.764 0.1000000015
13251  -42.902  -72.695  -12.305 0.1000000015
137057  -43.272  -67.179  -13.805 0.1000000015
137056  -43.205  -67.730  -13.641 0.1000000015
137055  -43.120  -68.314  -13.462 0.1000000015
90496  -43.033  -69.842  -13.435 0.1000000015
31899  -42.942  -70.393  -13.210 0.1000000015
43975  -42.912  -71.939  -13.119 0.1000000015
10014  -44.692  -76.386  -9.508 0.1000000015
137058  -43.311  -66.654  -13.938 0.1000000015
137067  -43.279  -66.075  -14.015 0.1000000015
31905  -43.121  -65.247  -13.652 0.1000000015
137068  -43.209  -65.527  -14.087 0.1000000015
70014  -43.007  -64.720  -13.728 0.1000000015
137069  -43.092  -64.988  -14.154 0.1000000015
31906  -42.829  -64.165  -13.786 0.1000000015
137070  -42.883  -64.425  -14.198 0.1000000015
137073  -42.646  -63.841  -14.262 0.1000000015
62787  -42.989  -72.741  -11.592 0.1000000015
62790  -43.311  -73.558  -11.146 0.1000000015
127842  -43.502  -73.910  -10.877 0.1000000015
53187  -43.755  -74.227  -10.587 0.1000000015
22467  -43.601  -73.390  -10.434 0.1000000015
97578  -42.893  -72.280  -11.851 0.1000000015
43971  -42.861  -72.156  -12.545 0.1000000015
31902  -43.159  -66.379  -13.496 0.1000000015
70004  -43.125  -66.903  -13.374 0.1000000015
137066  -43.177  -65.814  -13.580 0.1000000015
70013  -42.950  -64.425  -13.277 0.1000000015
137072  -42.600  -63.604  -13.818 0.1000000015
31907  -42.347  -62.950  -13.916 0.1000000015
62789  -43.138  -73.168  -11.372 0.1000000015
127841  -43.377  -73.092  -10.688 0.1000000015
43970  -42.831  -71.755  -12.084 0.1000000015
31901  -43.081  -67.436  -13.211 0.1000000015
137054  -42.998  -67.985  -13.016 0.1000000015
137051  -42.927  -69.483  -13.053 0.1000000015
137050  -42.834  -70.041  -12.822 0.1000000015
43969  -42.797  -71.195  -12.324 0.1000000015
137065  -43.092  -65.529  -13.079 0.1000000015
70012  -43.057  -64.976  -13.173 0.1000000015
70015  -42.768  -63.873  -13.346 0.1000000015
137071  -42.558  -63.286  -13.410 0.1000000015
70017  -42.325  -62.660  -13.475 0.1000000015
70018  -42.061  -62.021  -13.539 0.1000000015
13250  -42.866  -71.822  -11.390 0.1000000015
137047  -42.705  -70.224  -12.101 0.1000000015
13249  -42.724  -70.788  -11.861 0.1000000015
97577  -42.774  -71.329  -11.619 0.1000000015
70003  -43.034  -66.625  -12.859 0.1000000015
70002  -42.965  -67.146  -12.706 0.1000000015
31900  -42.898  -68.549  -12.811 0.1000000015
69999  -42.797  -69.120  -12.607 0.1000000015
31898  -42.728  -69.654  -12.355 0.1000000015
70005  -43.067  -66.093  -12.984 0.1000000015
101913  -42.514  -62.967  -12.938 0.1000000015
15659  -42.266  -62.367  -12.990 0.1000000015
101915  -42.058  -61.402  -12.554 0.1000000015
70016  -42.023  -61.744  -13.046 0.1000000015
69997  -42.640  -69.242  -11.851 0.1000000015
137053  -42.877  -67.653  -12.520 0.1000000015
70000  -42.770  -68.167  -12.299 0.1000000015
69998  -42.689  -68.689  -12.082 0.1000000015
137064  -43.033  -65.283  -12.605 0.1000000015
70011  -42.888  -64.135  -12.782 0.1000000015
7091  -42.728  -63.554  -12.868 0.1000000015
101914  -42.286  -61.999  -12.491 0.1000000015
46379  -42.163  -61.081  -12.044 0.1000000015
7090  -42.980  -65.819  -12.485 0.1000000015
31904  -42.995  -64.716  -12.686 0.1000000015
70010  -42.862  -63.830  -12.273 0.1000000015
70009  -42.685  -63.214  -12.355 0.1000000015
101912  -42.485  -62.603  -12.436 0.1000000015
15658  -42.362  -61.698  -11.967 0.1000000015
46378  -42.295  -60.776  -11.502 0.1000000015
46377  -42.470  -61.404  -11.432 0.1000000015
137063  -42.951  -64.397  -12.212 0.1000000015
15657  -42.706  -62.890  -11.809 0.1000000015
101911  -42.539  -62.299  -11.895 0.1000000015
101910  -42.647  -62.010  -11.370 0.1000000015
161712  -37.141  -88.010  -11.620 0.1000000015
3503  -36.529  -88.394  -12.071 0.1000000015
161716  -37.340  -87.619  -12.677 0.1000000015
24737  -36.709  -87.929  -13.149 0.1000000015
40254  -38.107  -86.851  -13.123 0.1000000015
119159  -36.763  -87.718  -13.674 0.1000000015
46984  -36.032  -88.134  -13.921 0.1000000015
161727  -37.501  -86.933  -14.061 0.1000000015
10006  -39.324  -86.072  -12.106 0.1000000015
161721  -39.974  -85.393  -12.023 0.1000000015
90388  -38.632  -86.695  -12.199 0.1000000015
40256  -39.455  -85.532  -12.978 0.1000000015
161726  -38.135  -86.592  -13.560 0.1000000015
90398  -38.787  -85.624  -13.775 0.1000000015
90399  -38.123  -85.982  -14.220 0.1000000015
161822  -36.788  -81.413  -14.384 0.1000000015
10583  -35.529  -83.376  -14.738 0.1000000015
161817  -36.517  -83.657  -14.679 0.1000000015
41303  -35.668  -83.893  -14.823 0.1000000015
161719  -40.960  -84.363  -10.863 0.1000000015
40255  -40.584  -84.636  -11.899 0.1000000015
28446  -41.642  -83.626  -10.727 0.2000000030
90395  -40.072  -84.805  -12.828 0.1000000015
28466  -42.007  -74.898  -14.124 0.1000000015
90481  -40.748  -76.995  -13.943 0.1000000015
114190  -38.950  -80.133  -13.956 0.1000000015
90476  -38.148  -79.949  -14.158 0.1000000015
10017  -38.448  -81.416  -14.030 0.1000000015
90475  -37.697  -81.689  -14.201 0.1000000015
90469  -39.149  -81.119  -13.840 0.1000000015
40286  -38.706  -82.382  -14.071 0.1000000015
161816  -37.346  -83.444  -14.513 0.1000000015
161815  -38.120  -83.198  -14.323 0.1000000015
161732  -37.955  -85.264  -14.553 0.1000000015
90405  -38.278  -83.737  -14.367 0.1000000015
40259  -37.819  -84.880  -14.628 0.1000000015
127818  -42.403  -82.266  -11.266 0.1000000015
127814  -42.327  -82.845  -10.514 0.2000000030
127813  -42.247  -83.095  -10.099 0.2000000030
127819  -42.351  -81.970  -11.556 0.1000000015
22453  -40.497  -83.438  -13.122 0.1000000015
22454  -39.250  -84.224  -14.009 0.1000000015
28464  -40.686  -77.440  -13.783 0.1000000015
53198  -40.133  -79.040  -13.645 0.1000000015
114187  -39.659  -80.291  -13.697 0.1000000015
161812  -39.865  -81.257  -13.570 0.1000000015
10008  -39.014  -83.392  -14.119 0.1000000015
90402  -38.574  -84.576  -14.335 0.1000000015
127821  -42.133  -81.338  -11.940 0.1000000015
127856  -41.276  -76.692  -13.715 0.1000000015
22455  -40.285  -82.667  -13.408 0.1000000015
90502  -42.969  -72.328  -14.878 0.1000000015
53196  -40.744  -78.749  -13.371 0.1000000015
22476  -40.796  -79.195  -13.256 0.1000000015
114186  -40.245  -79.974  -13.395 0.1000000015
90468  -40.454  -80.918  -13.194 0.1000000015
114147  -39.694  -83.059  -13.814 0.1000000015
90510  -42.270  -72.492  -15.515 0.1000000015
90455  -43.978  -78.314  -10.503 0.1000000015
161796  -43.812  -79.499  -10.544 0.1000000015
161797  -43.266  -80.031  -11.048 0.1000000015
161806  -42.336  -79.743  -11.858 0.1000000015
62766  -43.853  -81.208  -8.714 0.2000000030
161807  -41.859  -80.565  -12.199 0.1000000015
161803  -42.497  -78.089  -12.090 0.1000000015
90464  -41.590  -79.734  -12.484 0.1000000015
90465  -41.724  -80.142  -12.323 0.1000000015
161808  -41.383  -81.391  -12.580 0.1000000015
127851  -42.211  -76.870  -12.804 0.1000000015
114183  -41.356  -78.839  -12.884 0.1000000015
22475  -41.944  -78.488  -12.459 0.1000000015
13243  -44.621  -79.308  -8.551 0.1000000015
90504  -43.579  -67.914  -15.354 0.1000000015
114207  -43.139  -68.587  -15.899 0.1000000015
127847  -42.942  -76.092  -12.122 0.1000000015
161854  -43.635  -68.139  -14.892 0.1000000015
127871  -43.271  -67.634  -15.764 0.1000000015
13252  -42.856  -74.430  -12.555 0.1000000015
97580  -42.984  -74.033  -12.197 0.1000000015
62808  -43.174  -65.501  -14.961 0.1000000015
97588  -42.670  -64.094  -14.709 0.1000000015
137048  -42.782  -70.625  -12.582 0.1000000015
125833  -40.194  -73.785  2.478 0.5000000000
86126  -43.342  -79.645  0.498 0.5000000000
21028  -43.188  -79.263  0.921 0.5000000000
125834  -39.905  -73.076  2.462 0.5000000000
111586  -40.289  -74.144  2.031 0.5000000000
5090  -40.667  -74.839  2.051 0.5000000000
86125  -43.053  -78.997  0.557 0.5000000000
156695  -39.483  -71.443  2.413 0.5000000000
125835  -39.665  -72.313  2.424 0.5000000000
21032  -39.977  -73.439  2.026 0.5000000000
111581  -42.743  -78.402  0.664 0.5000000000
51752  -39.747  -72.666  1.989 0.5000000000
2294  -39.561  -71.844  1.954 0.5000000000
51753  -39.840  -73.015  1.585 0.5000000000
51754  -39.660  -72.235  1.521 0.4000000060
111589  -39.988  -73.370  1.173 0.4000000060
156606  -43.309  -79.215  -1.085 0.5000000000
136991  -43.442  -79.633  -1.581 0.5000000000
31877  -43.240  -78.924  -1.499 0.5000000000
69954  -43.272  -78.853  -1.925 0.5000000000
69957  -43.331  -77.839  -2.767 0.5000000000
136996  -43.210  -77.985  -2.323 0.5000000000
7081  -43.253  -76.976  -3.200 0.4000000060
137006  -43.219  -76.147  -3.645 0.4000000060
156592  -44.051  -79.758  2.883 0.1000000015
111578  -43.368  -79.510  1.313 0.5000000000
27597  -39.859  -72.712  2.904 0.5000000000
61355  -40.137  -73.434  2.931 0.5000000000
125832  -40.537  -74.470  2.487 0.5000000000
86137  -41.061  -75.519  2.050 0.4000000060
111580  -42.871  -78.630  1.020 0.5000000000
38579  -39.487  -71.051  2.886 0.5000000000
156694  -39.633  -71.901  2.894 0.5000000000
156702  -39.436  -70.126  2.854 0.5000000000
156700  -39.629  -68.769  3.288 0.5000000000
38581  -39.498  -69.179  2.827 0.5000000000
156703  -39.427  -70.533  2.393 0.5000000000
86209  -39.712  -68.257  2.790 0.4000000060
86211  -39.469  -69.589  2.362 0.3000000119
156704  -39.436  -70.949  1.942 0.5000000000
51756  -39.528  -71.367  1.511 0.4000000060
21034  -39.795  -72.590  1.129 0.4000000060
38582  -39.422  -70.033  1.928 0.3000000119
86141  -40.504  -74.478  0.756 0.6999999881
156619  -40.860  -75.192  0.754 0.5000000000
86210  -39.594  -68.653  2.327 0.3000000119
86212  -39.543  -69.059  1.905 0.3000000119
156705  -39.463  -70.446  1.494 0.3000000119
51755  -39.648  -71.740  1.087 0.4000000060
86140  -40.200  -73.740  0.749 0.5000000000
38554  -40.772  -74.804  0.313 0.6000000238
9438  -41.475  -76.195  0.313 0.6000000238
111584  -41.956  -77.205  0.735 0.6000000238
9437  -42.946  -78.737  0.196 0.5000000000
38549  -43.347  -79.493  -0.699 0.3000000119
86213  -39.517  -69.491  1.477 0.3000000119
21036  -39.556  -70.860  1.051 0.3000000119
111591  -39.956  -72.493  0.237 0.4000000060
86143  -40.711  -74.401  -0.127 0.5000000000
86136  -41.440  -75.835  -0.141 0.6000000238
38551  -42.099  -76.834  -0.543 0.6000000238
38550  -42.778  -78.212  -0.567 0.5000000000
156607  -43.035  -78.549  -1.031 0.5000000000
111594  -39.649  -70.352  0.598 0.4000000060
21035  -39.835  -71.642  0.190 0.4000000060
86144  -40.409  -73.656  -0.142 0.5000000000
156622  -41.045  -74.734  -0.597 0.5000000000
156612  -42.080  -76.450  -1.011 0.5000000000
156611  -42.394  -77.151  -1.000 0.5000000000
69953  -42.978  -78.208  -1.454 0.5000000000
9440  -39.774  -69.848  0.135 0.4000000060
86148  -39.945  -71.140  -0.264 0.4000000060
38556  -40.278  -72.370  -0.670 0.5000000000
156623  -41.054  -74.362  -1.053 0.5000000000
46358  -41.703  -75.410  -1.464 0.4000000060
101876  -42.395  -76.771  -1.460 0.5000000000
101877  -42.801  -77.346  -1.885 0.5000000000
156628  -40.149  -71.516  -0.712 0.4000000060
156625  -40.542  -72.760  -1.091 0.5000000000
1373  -41.406  -74.717  -1.495 0.5000000000
46360  -41.848  -75.264  -1.923 0.4000000060
101879  -42.641  -76.518  -2.320 0.4000000060
15639  -42.931  -77.215  -2.293 0.5000000000
55959  -41.004  -72.993  -2.009 0.5000000000
24360  -41.734  -74.390  -2.410 0.4000000060
137003  -42.537  -75.707  -2.802 0.4000000060
137004  -43.002  -76.282  -3.214 0.4000000060
118280  -41.456  -73.640  -2.440 0.3000000119
69961  -41.941  -74.246  -2.850 0.4000000060
69963  -42.449  -74.844  -3.255 0.3000000119
101882  -42.666  -74.698  -3.698 0.3000000119
15642  -43.195  -75.267  -4.072 0.3000000119
156589  -44.460  -79.537  3.729 0.1000000015
156590  -44.259  -79.985  3.318 0.1000000015
86116  -44.304  -78.924  3.756 0.1000000015
38544  -44.160  -79.340  3.326 0.1000000015
111574  -43.538  -78.559  2.996 0.4000000060
21026  -43.501  -78.939  2.579 0.4000000060
86118  -43.513  -79.338  2.119 0.4000000060
111577  -43.286  -79.100  1.762 0.5000000000
111576  -43.207  -78.740  2.182 0.4000000060
21027  -42.942  -78.496  1.798 0.5000000000
111579  -43.059  -78.871  1.379 0.5000000000
61356  -40.123  -73.067  3.388 0.5000000000
61354  -40.469  -73.775  3.393 0.5000000000
27596  -40.491  -74.126  2.940 0.5000000000
125829  -40.946  -75.165  2.478 0.4000000060
51747  -42.561  -77.910  1.840 0.5000000000
51748  -42.721  -78.257  1.448 0.5000000000
86204  -39.545  -70.601  3.328 0.5000000000
86203  -39.668  -71.460  3.351 0.5000000000
156693  -39.861  -72.307  3.361 0.5000000000
156698  -39.622  -69.276  3.766 0.5000000000
156701  -39.523  -69.696  3.309 0.5000000000
51751  -41.954  -77.146  1.560 0.6000000238
156699  -39.878  -67.847  3.246 0.4000000060
21056  -40.020  -67.375  2.754 0.2000000030
111629  -40.456  -66.551  2.731 0.2000000030
86208  -39.815  -67.763  2.298 0.3000000119
86214  -39.685  -68.524  1.437 0.3000000119
38583  -39.648  -68.958  1.006 0.4000000060
111630  -40.216  -66.893  2.284 0.3000000119
111632  -39.937  -67.598  1.385 0.3000000119
21057  -40.531  -66.402  1.807 0.3000000119
21058  -40.237  -67.122  0.914 0.4000000060
156709  -39.874  -68.415  0.500 0.4000000060
86216  -40.155  -67.505  0.455 0.3000000119
156710  -39.908  -68.849  0.075 0.4000000060
38557  -40.068  -70.662  -0.727 0.4000000060
156629  -40.265  -71.061  -1.180 0.4000000060
38584  -40.143  -67.907  0.018 0.3000000119
38558  -40.205  -68.815  -0.812 0.3000000119
93479  -40.465  -70.587  -1.665 0.3000000119
55958  -40.655  -72.308  -1.580 0.4000000060
93481  -40.716  -70.380  -2.151 0.3000000119
118282  -41.061  -71.974  -2.527 0.3000000119
118281  -41.656  -73.482  -2.893 0.4000000060
3294  -42.148  -74.100  -3.308 0.3000000119
93482  -40.970  -70.180  -2.619 0.2000000030
55961  -41.201  -70.913  -3.061 0.2000000030
24362  -41.654  -72.516  -3.420 0.3000000119
101881  -42.356  -73.964  -3.756 0.3000000119
161739  -41.528  -69.814  -3.518 0.1000000015
55965  -41.792  -71.465  -3.918 0.2000000030
118285  -42.103  -73.177  -3.827 0.4000000060
53177  -42.988  -67.492  -4.491 0.1000000015
86115  -44.043  -78.339  3.807 0.1000000015
86117  -43.957  -78.756  3.363 0.1000000015
5088  -43.619  -78.174  3.431 0.2000000030
111573  -43.189  -77.985  3.056 0.5000000000
111575  -43.176  -78.363  2.609 0.4000000060
51746  -42.848  -78.150  2.221 0.4000000060
5091  -40.477  -73.409  3.857 0.5000000000
61353  -40.856  -74.442  3.387 0.4000000060
125830  -41.239  -75.055  3.372 0.4000000060
61350  -41.673  -76.083  2.807 0.4000000060
125825  -42.105  -77.006  2.329 0.5000000000
51745  -42.470  -77.566  2.276 0.5000000000
86202  -39.723  -71.027  3.791 0.5000000000
38578  -39.917  -71.871  3.816 0.5000000000
156692  -40.170  -72.670  3.844 0.4000000060
2293  -42.181  -77.350  1.901 0.4000000060
86206  -39.960  -67.917  4.139 0.4000000060
156697  -39.782  -68.837  4.174 0.4000000060
9447  -39.601  -70.175  3.768 0.5000000000
86205  -40.286  -67.058  4.086 0.4000000060
38580  -39.793  -68.355  3.736 0.5000000000
86207  -40.071  -67.469  3.687 0.4000000060
125861  -40.746  -66.303  3.976 0.3000000119
5098  -40.476  -66.645  3.616 0.3000000119
111627  -40.741  -66.230  3.147 0.3000000119
125865  -41.327  -65.517  3.066 0.2000000030
51776  -40.764  -66.095  2.277 0.2000000030
61378  -41.991  -64.887  2.967 0.1000000015
51775  -41.402  -65.409  2.228 0.3000000119
125867  -42.130  -64.819  2.173 0.1000000015
51777  -41.109  -65.671  1.819 0.3000000119
111634  -40.725  -66.298  0.899 0.3000000119
2297  -41.829  -65.038  1.772 0.2000000030
51779  -41.571  -65.322  1.362 0.2000000030
111635  -41.153  -65.841  0.459 0.2000000030
86218  -40.419  -67.371  -0.465 0.2000000030
156632  -40.502  -68.293  -1.278 0.2000000030
86221  -41.428  -65.780  -0.417 0.2000000030
156713  -40.825  -67.351  -1.317 0.2000000030
41693  -40.647  -68.709  -1.718 0.2000000030
86220  -41.326  -66.120  -0.905 0.2000000030
143618  -41.256  -66.959  -1.730 0.1000000015
10975  -41.053  -69.301  -2.609 0.2000000030
93483  -41.232  -70.010  -3.072 0.2000000030
75354  -42.078  -65.995  -2.104 0.1000000015
34185  -41.518  -67.452  -2.570 0.1000000015
40261  -41.680  -68.912  -3.487 0.1000000015
161741  -41.850  -69.607  -3.946 0.1000000015
143622  -42.310  -66.493  -2.908 0.1000000015
7947  -42.259  -67.149  -3.326 0.1000000015
161740  -42.028  -68.720  -3.877 0.1000000015
114148  -42.635  -67.021  -3.687 0.1000000015
114150  -42.631  -67.662  -4.131 0.1000000015
53176  -43.372  -66.674  -4.365 0.1000000015
143637  -44.184  -65.879  -4.590 0.1000000015
125819  -43.698  -77.774  3.881 0.3000000119
125822  -43.242  -77.625  3.513 0.3000000119
96711  -43.046  -75.943  4.914 0.3000000119
12768  -42.950  -76.331  4.482 0.3000000119
27592  -42.847  -77.066  3.572 0.3000000119
125823  -42.802  -77.414  3.147 0.3000000119
21025  -42.810  -77.785  2.673 0.4000000060
12769  -42.142  -75.207  4.609 0.3000000119
61345  -42.513  -76.136  4.087 0.3000000119
61348  -42.425  -76.846  3.180 0.5000000000
125824  -42.428  -77.211  2.721 0.5000000000
156688  -40.935  -73.284  4.751 0.4000000060
96716  -41.280  -74.342  4.278 0.5000000000
96714  -41.654  -75.320  3.777 0.4000000060
61351  -41.650  -75.696  3.301 0.4000000060
27593  -42.043  -76.647  2.742 0.5000000000
51774  -40.015  -68.800  4.976 0.4000000060
111625  -39.866  -70.115  4.650 0.4000000060
86201  -39.960  -71.452  4.257 0.5000000000
156691  -40.209  -72.254  4.287 0.5000000000
27607  -40.700  -66.713  5.199 0.4000000060
125859  -40.426  -67.102  4.868 0.4000000060
156696  -39.951  -68.364  4.557 0.4000000060
21054  -39.839  -69.273  4.600 0.5000000000
61373  -40.823  -66.334  4.767 0.4000000060
125860  -40.549  -66.698  4.432 0.4000000060
61372  -41.120  -65.972  5.093 0.4000000060
5097  -41.686  -65.305  4.955 0.3000000119
27609  -41.002  -65.954  4.309 0.3000000119
125862  -41.577  -65.277  4.204 0.3000000119
125863  -41.291  -65.591  3.872 0.3000000119
12778  -42.302  -64.679  4.047 0.3000000119
61376  -41.918  -64.957  3.760 0.2000000030
5099  -43.113  -64.168  3.149 0.1000000015
61379  -42.766  -64.357  2.871 0.1000000015
125869  -42.908  -64.333  2.123 0.1000000015
125868  -42.608  -64.547  1.738 0.1000000015
51780  -42.031  -64.968  0.931 0.2000000030
27612  -43.391  -64.108  1.654 0.1000000015
156723  -43.070  -64.302  1.282 0.1000000015
111637  -41.803  -65.193  0.490 0.2000000030
21061  -42.799  -64.501  0.915 0.2000000030
21060  -42.270  -64.872  0.075 0.2000000030
38586  -41.875  -65.403  -0.810 0.1000000015
156718  -42.585  -64.876  -0.794 0.1000000015
75353  -42.292  -65.466  -1.666 0.1000000015
7946  -42.985  -64.920  -1.615 0.1000000015
34186  -42.477  -65.873  -2.463 0.1000000015
143625  -42.680  -66.378  -3.266 0.1000000015
75357  -43.472  -65.191  -2.743 0.1000000015
34187  -43.205  -65.656  -3.173 0.1000000015
34188  -43.992  -65.480  -3.847 0.1000000015
143635  -44.609  -64.971  -3.776 0.1000000015
143636  -44.374  -65.400  -4.191 0.1000000015
75368  -45.339  -64.822  -4.509 0.1000000015
75370  -45.689  -64.727  -4.820 0.1000000015
143641  -46.021  -64.567  -5.112 0.1000000015
75371  -46.962  -63.959  -5.383 0.1000000015
96709  -43.549  -76.063  5.288 0.3000000119
5087  -43.951  -76.603  5.208 0.2000000030
43487  -42.669  -74.970  5.434 0.3000000119
43491  -41.785  -74.220  5.091 0.4000000060
156686  -41.839  -73.730  5.525 0.3000000119
51772  -40.144  -69.195  5.411 0.3000000119
51773  -40.010  -69.641  5.039 0.3000000119
111624  -40.134  -70.479  5.088 0.4000000060
86199  -40.643  -72.103  5.116 0.4000000060
38576  -41.451  -73.064  5.550 0.3000000119
125856  -40.644  -67.080  5.622 0.3000000119
2296  -40.227  -68.358  5.342 0.3000000119
9446  -40.753  -71.612  5.500 0.4000000060
86197  -41.082  -72.370  5.531 0.4000000060
86196  -41.552  -72.599  5.948 0.3000000119
61369  -41.799  -65.313  5.678 0.3000000119
61371  -40.991  -66.326  5.531 0.3000000119
61370  -41.466  -65.630  5.395 0.3000000119
12776  -42.367  -64.743  5.454 0.3000000119
61368  -42.025  -65.008  5.224 0.3000000119
96726  -42.654  -64.451  5.008 0.3000000119
96728  -41.961  -64.997  4.497 0.3000000119
96729  -42.659  -64.426  4.302 0.3000000119
96730  -43.030  -64.203  3.860 0.2000000030
96731  -43.442  -63.998  3.395 0.1000000015
96733  -44.138  -63.643  3.176 0.1000000015
96734  -44.840  -63.316  2.951 0.1000000015
61381  -43.578  -63.921  2.709 0.1000000015
61383  -45.023  -63.273  2.290 0.1000000015
27613  -44.016  -63.723  2.256 0.1000000015
125871  -44.473  -63.574  1.794 0.1000000015
86228  -43.934  -63.888  1.215 0.1000000015
111639  -43.316  -64.274  0.517 0.2000000030
156725  -44.115  -63.907  0.457 0.2000000030
9450  -43.830  -64.081  0.084 0.2000000030
38587  -43.336  -64.429  -0.761 0.1000000015
86226  -44.321  -63.913  -0.357 0.1000000015
156720  -43.879  -64.271  -1.149 0.1000000015
105117  -43.367  -64.831  -1.969 0.1000000015
17438  -44.477  -64.112  -1.517 0.1000000015
105118  -44.098  -64.411  -1.897 0.1000000015
75356  -44.172  -64.718  -2.685 0.1000000015
105119  -44.482  -64.340  -2.265 0.1000000015
7948  -44.548  -64.656  -3.046 0.1000000015
143634  -44.901  -64.600  -3.413 0.1000000015
75367  -44.977  -64.909  -4.153 0.1000000015
7949  -46.006  -64.439  -4.497 0.1000000015
75364  -46.336  -64.210  -4.164 0.1000000015
105126  -46.374  -64.353  -4.817 0.1000000015
105125  -46.712  -64.145  -4.506 0.1000000015
17444  -46.693  -64.178  -5.112 0.1000000015
105127  -47.084  -64.038  -4.832 0.1000000015
105129  -47.612  -63.606  -5.376 0.1000000015
105128  -47.381  -63.838  -5.114 0.1000000015
143667  -47.804  -63.334  -5.652 0.1000000015
135218  -44.573  -76.209  6.011 0.2000000030
135216  -44.465  -76.702  5.563 0.2000000030
68554  -44.295  -75.203  6.475 0.2000000030
135221  -43.238  -75.093  5.761 0.3000000119
156656  -43.931  -74.182  6.949 0.2000000030
31224  -43.331  -74.635  6.193 0.3000000119
135222  -42.775  -74.534  5.861 0.3000000119
21052  -40.276  -70.022  5.476 0.3000000119
111622  -40.484  -70.825  5.488 0.3000000119
156685  -41.936  -73.269  5.937 0.3000000119
21048  -40.746  -67.455  6.008 0.3000000119
51768  -40.470  -67.908  5.675 0.3000000119
51770  -40.410  -68.734  5.756 0.3000000119
111621  -40.646  -70.353  5.852 0.3000000119
86193  -40.878  -71.128  5.886 0.3000000119
86195  -41.196  -71.893  5.934 0.3000000119
125853  -41.623  -65.644  6.132 0.3000000119
125854  -41.216  -66.310  6.288 0.3000000119
21051  -41.042  -70.656  6.233 0.3000000119
86194  -41.323  -71.390  6.290 0.3000000119
38575  -41.660  -72.110  6.354 0.2000000030
156684  -42.044  -72.791  6.348 0.2000000030
61367  -42.475  -64.779  6.115 0.2000000030
125852  -42.137  -65.040  5.913 0.2000000030
96724  -42.687  -64.504  5.658 0.3000000119
96725  -42.972  -64.248  5.199 0.3000000119
43496  -43.286  -63.994  4.741 0.3000000119
12777  -42.983  -64.210  4.519 0.3000000119
43497  -43.661  -63.779  4.260 0.2000000030
12779  -43.756  -63.814  3.631 0.1000000015
553  -44.356  -63.423  3.995 0.2000000030
43501  -44.748  -63.309  3.573 0.1000000015
12781  -45.135  -63.160  3.145 0.1000000015
156743  -46.194  -62.726  2.425 0.1000000015
156744  -47.070  -62.299  2.364 0.1000000015
111652  -48.203  -61.763  1.839 0.1000000015
5101  -45.962  -62.850  2.207 0.1000000015
156746  -46.620  -62.575  1.951 0.1000000015
38596  -47.244  -62.313  1.702 0.1000000015
9453  -48.373  -61.808  1.168 0.1000000015
156751  -49.088  -61.369  1.148 0.1000000015
86250  -50.110  -60.791  0.776 0.1000000015
27614  -45.491  -63.111  1.855 0.1000000015
61385  -46.161  -62.875  1.628 0.1000000015
156748  -47.466  -62.408  1.140 0.1000000015
86249  -48.196  -61.979  1.014 0.1000000015
156754  -49.246  -61.461  0.467 0.1000000015
156753  -49.773  -61.172  0.246 0.1000000015
5100  -44.996  -63.397  1.353 0.1000000015
111640  -45.755  -63.098  1.192 0.1000000015
86229  -44.745  -63.546  1.075 0.1000000015
156727  -44.941  -63.615  0.354 0.2000000030
156728  -44.633  -63.762  0.018 0.1000000015
156729  -45.166  -63.627  -0.420 0.1000000015
156721  -44.657  -63.935  -1.139 0.1000000015
48158  -45.265  -63.792  -1.551 0.1000000015
48159  -44.881  -64.055  -1.917 0.1000000015
17440  -45.293  -64.016  -2.330 0.1000000015
143631  -45.266  -64.293  -3.064 0.1000000015
143633  -45.645  -64.279  -3.447 0.1000000015
143632  -46.409  -64.018  -3.491 0.1000000015
75365  -46.020  -64.266  -3.816 0.1000000015
105124  -47.114  -63.970  -4.226 0.1000000015
17443  -47.477  -63.884  -4.555 0.1000000015
48164  -47.775  -63.726  -4.853 0.1000000015
111606  -43.471  -72.384  8.240 0.2000000030
38566  -43.501  -73.646  7.028 0.2000000030
156658  -42.897  -74.065  6.276 0.3000000119
156659  -42.349  -73.914  5.917 0.3000000119
51763  -43.081  -71.828  8.228 0.2000000030
21043  -43.538  -72.783  7.816 0.2000000030
86172  -43.060  -73.093  7.076 0.2000000030
86173  -42.988  -73.562  6.705 0.3000000119
38567  -42.469  -73.452  6.323 0.3000000119
111616  -40.847  -67.818  6.431 0.3000000119
111617  -40.871  -68.600  6.522 0.3000000119
111618  -40.995  -69.397  6.563 0.3000000119
111619  -41.190  -70.190  6.573 0.3000000119
5096  -41.231  -66.674  6.692 0.3000000119
111615  -41.073  -67.421  6.787 0.3000000119
86186  -41.145  -68.917  6.942 0.3000000119
9445  -41.344  -69.696  6.947 0.3000000119
156681  -41.454  -70.927  6.628 0.3000000119
27603  -42.745  -64.888  6.855 0.2000000030
125850  -41.869  -65.652  6.817 0.3000000119
156682  -41.773  -71.638  6.696 0.2000000030
156683  -42.143  -72.326  6.720 0.2000000030
61365  -42.865  -64.594  6.353 0.2000000030
5095  -43.064  -64.317  5.867 0.2000000030
135245  -43.460  -64.173  6.117 0.2000000030
96723  -43.294  -64.062  5.379 0.3000000119
135248  -43.684  -63.923  5.627 0.3000000119
12775  -43.604  -63.825  4.931 0.3000000119
43495  -43.960  -63.610  4.462 0.2000000030
135249  -43.954  -63.672  5.129 0.3000000119
68578  -44.628  -63.314  4.892 0.2000000030
31235  -44.983  -63.108  4.416 0.2000000030
135253  -45.338  -62.956  3.965 0.2000000030
86242  -46.339  -62.525  3.272 0.1000000015
51782  -47.072  -62.712  0.803 0.1000000015
156749  -47.889  -62.334  0.698 0.1000000015
156757  -48.474  -62.105  0.408 0.1000000015
86256  -49.032  -61.868  0.129 0.1000000015
111642  -46.234  -63.028  0.761 0.1000000015
51783  -46.909  -62.857  0.570 0.1000000015
51784  -47.559  -62.636  0.368 0.1000000015
156759  -48.806  -62.229  -0.156 0.1000000015
21063  -45.998  -63.196  0.493 0.1000000015
111643  -46.728  -62.986  0.302 0.1000000015
111644  -47.216  -62.940  -0.141 0.1000000015
111646  -47.914  -62.734  -0.318 0.1000000015
111647  -48.536  -62.547  -0.522 0.1000000015
86231  -45.724  -63.359  0.217 0.1000000015
86232  -46.211  -63.255  -0.214 0.1000000015
86236  -47.507  -63.010  -0.787 0.1000000015
86235  -47.261  -63.139  -1.047 0.1000000015
86233  -45.996  -63.366  -0.516 0.1000000015
156730  -45.729  -63.522  -0.834 0.1000000015
156731  -46.281  -63.442  -1.249 0.1000000015
120797  -46.842  -63.386  -1.651 0.1000000015
1760  -46.052  -63.543  -1.579 0.1000000015
48160  -45.687  -63.768  -1.958 0.1000000015
143629  -46.083  -63.760  -2.354 0.1000000015
34189  -46.056  -64.010  -3.109 0.1000000015
17442  -46.747  -64.002  -3.874 0.1000000015
21040  -43.027  -71.223  9.544 0.3000000119
2295  -42.615  -70.780  8.637 0.3000000119
51764  -42.726  -71.219  8.211 0.3000000119
21044  -42.718  -71.636  7.832 0.2000000030
111608  -42.689  -72.039  7.447 0.2000000030
9443  -42.625  -72.511  7.084 0.2000000030
156677  -42.374  -70.546  8.175 0.3000000119
156678  -42.351  -70.978  7.796 0.3000000119
156679  -42.307  -71.408  7.436 0.3000000119
86174  -42.554  -72.967  6.722 0.2000000030
86185  -41.260  -67.031  7.127 0.3000000119
156673  -41.448  -68.085  7.583 0.3000000119
86189  -41.764  -69.548  7.684 0.3000000119
86191  -41.968  -70.738  7.385 0.3000000119
156680  -42.228  -71.876  7.079 0.2000000030
125847  -42.685  -65.181  7.343 0.2000000030
86184  -41.588  -66.661  7.399 0.3000000119
156670  -41.658  -66.991  7.825 0.3000000119
135243  -43.164  -64.699  7.148 0.2000000030
68573  -43.695  -64.325  6.887 0.2000000030
31233  -43.860  -64.062  6.381 0.2000000030
135247  -44.072  -63.814  5.889 0.2000000030
68576  -44.711  -63.494  5.660 0.3000000119
68577  -44.984  -63.240  5.154 0.2000000030
68579  -45.315  -63.001  4.666 0.2000000030
156733  -47.809  -63.101  -1.455 0.1000000015
120799  -47.269  -63.419  -2.077 0.1000000015
25440  -46.878  -63.570  -2.401 0.1000000015
75362  -46.463  -63.759  -2.738 0.1000000015
125843  -42.988  -71.067  10.410 0.1000000015
27601  -42.689  -70.509  10.383 0.2000000030
125844  -42.872  -70.882  9.957 0.3000000119
125845  -42.690  -70.627  9.513 0.3000000119
27602  -42.412  -70.015  9.427 0.3000000119
156667  -42.215  -69.765  8.992 0.3000000119
156674  -41.671  -68.422  8.004 0.3000000119
86182  -41.840  -68.751  8.443 0.3000000119
51767  -42.258  -66.025  8.017 0.3000000119
21047  -41.969  -66.658  8.157 0.3000000119
111613  -41.796  -67.328  8.271 0.3000000119
9444  -41.760  -68.025  8.361 0.3000000119
135233  -43.001  -65.276  8.137 0.2000000030
31232  -43.577  -64.566  7.409 0.2000000030
68572  -44.122  -64.248  7.189 0.1000000015
135246  -44.474  -63.714  6.159 0.2000000030
68568  -45.123  -63.956  7.304 0.1000000015
101048  -44.905  -63.730  6.471 0.2000000030
15178  -45.107  -63.449  5.957 0.2000000030
101049  -45.534  -63.475  6.276 0.2000000030
101050  -45.768  -63.201  5.765 0.3000000119
61364  -42.313  -69.626  9.838 0.3000000119
156666  -42.188  -69.373  9.352 0.3000000119
38569  -42.034  -68.684  9.284 0.3000000119
86180  -41.916  -68.349  8.814 0.3000000119
21045  -42.587  -66.103  8.825 0.3000000119
111612  -41.990  -66.983  8.638 0.3000000119
86178  -41.915  -67.664  8.727 0.3000000119
135232  -42.946  -65.571  8.632 0.2000000030
31229  -43.385  -65.135  8.421 0.2000000030
135239  -44.259  -64.683  8.466 0.1000000015
68569  -44.947  -64.183  7.771 0.1000000015
15176  -45.513  -63.927  7.602 0.1000000015
101046  -45.723  -63.710  7.111 0.1000000015
15177  -45.959  -63.507  6.605 0.1000000015
156662  -42.190  -68.589  10.136 0.3000000119
156661  -42.235  -68.275  10.501 0.2000000030
156664  -42.116  -68.315  9.662 0.3000000119
86179  -42.009  -67.997  9.195 0.3000000119
156663  -42.168  -67.666  9.565 0.3000000119
135231  -42.927  -65.908  9.107 0.2000000030
111609  -42.588  -66.437  9.288 0.3000000119
21046  -42.098  -67.331  9.095 0.3000000119
68562  -43.700  -65.294  9.178 0.2000000030
31228  -43.255  -65.713  9.384 0.2000000030
15174  -44.812  -64.785  9.559 0.1000000015
101042  -44.493  -64.843  9.275 0.1000000015
45894  -45.161  -64.747  9.857 0.1000000015
135235  -44.980  -64.570  9.088 0.1000000015
31230  -45.163  -64.366  8.606 0.1000000015
135237  -45.335  -64.158  8.089 0.1000000015
68566  -45.501  -64.345  8.902 0.1000000015
68567  -45.706  -64.152  8.395 0.1000000015
101044  -45.898  -63.929  7.908 0.1000000015
101043  -46.529  -63.777  7.744 0.1000000015
86176  -42.347  -67.674  10.375 0.2000000030
86175  -42.584  -67.079  10.243 0.2000000030
86177  -42.378  -67.358  9.918 0.2000000030
135229  -43.197  -66.023  9.860 0.2000000030
6800  -42.602  -66.766  9.767 0.2000000030
15173  -43.903  -65.459  9.891 0.1000000015
68561  -43.599  -65.574  9.648 0.2000000030
45893  -44.662  -65.032  10.034 0.1000000015
135234  -45.341  -64.523  9.379 0.1000000015
24080  -45.876  -64.330  9.208 0.1000000015
68565  -46.066  -64.148  8.713 0.1000000015
117629  -46.697  -63.965  8.554 0.1000000015
117632  -46.934  -63.796  8.062 0.1000000015
117625  -46.014  -64.492  10.006 0.1000000015
117627  -46.238  -64.316  9.522 0.1000000015
55493  -46.794  -64.136  9.332 0.1000000015
24081  -47.058  -63.992  8.853 0.1000000015
141958  -46.321  -64.452  10.312 0.1000000015
141959  -46.901  -64.261  10.119 0.1000000015
55492  -47.145  -64.123  9.641 0.1000000015
38553  -40.991  -75.552  1.189 0.4000000060
111587  -40.442  -74.505  1.607 0.5000000000
111588  -40.112  -73.777  1.602 0.5000000000
86139  -40.817  -75.210  1.633 0.4000000060
21033  -40.271  -74.136  1.175 0.5000000000
156618  -40.618  -74.872  1.188 0.6000000238
156615  -41.580  -76.552  1.630 0.5000000000
125828  -41.344  -75.805  2.447 0.4000000060
86127  -43.242  -79.368  0.128 0.5000000000
27594  -41.448  -76.165  2.032 0.4000000060
156617  -41.233  -75.873  0.745 0.5000000000
21029  -42.515  -78.037  1.079 0.5000000000
156616  -41.374  -76.227  1.181 0.6000000238
111582  -42.591  -78.119  0.261 0.5000000000
86129  -43.183  -79.104  -0.229 0.3000000119
156605  -43.463  -79.906  -1.205 0.5000000000
51750  -42.131  -77.466  1.123 0.5000000000
156601  -43.541  -80.346  0.417 0.5000000000
111583  -42.361  -77.814  0.707 0.5000000000
111590  -39.956  -72.954  0.719 0.4000000060
86130  -43.099  -78.848  -0.626 0.4000000060
69955  -43.057  -78.105  -1.896 0.5000000000
69956  -43.075  -77.096  -2.752 0.4000000060
69958  -43.474  -77.692  -3.220 0.4000000060
101880  -42.788  -76.397  -2.771 0.4000000060
137005  -42.949  -75.423  -3.635 0.3000000119
31882  -42.725  -75.576  -3.218 0.4000000060
156591  -43.841  -79.154  2.936 0.2000000030
125831  -40.875  -74.785  2.936 0.5000000000
86138  -41.199  -75.880  1.630 0.4000000060
111592  -39.777  -72.132  0.674 0.3000000119
86142  -40.420  -74.080  0.331 0.4000000060
156620  -41.132  -75.503  0.305 0.6000000238
9448  -39.748  -68.130  1.856 0.3000000119
156706  -39.537  -69.931  1.041 0.4000000060
111593  -39.682  -71.251  0.625 0.4000000060
9439  -40.145  -73.310  0.296 0.5000000000
156621  -41.064  -75.117  -0.150 0.6000000238
86134  -41.780  -76.518  -0.112 0.6000000238
86132  -41.800  -76.878  0.311 0.6000000238
111585  -41.574  -76.560  0.741 0.6000000238
21031  -41.744  -76.899  1.181 0.6000000238
21030  -42.213  -77.531  0.312 0.5000000000
86131  -42.846  -78.451  -0.193 0.5000000000
156627  -40.031  -72.004  -0.248 0.4000000060
86146  -40.177  -72.854  -0.183 0.4000000060
38555  -40.693  -74.015  -0.596 0.5000000000
86135  -41.740  -76.145  -0.573 0.6000000238
38552  -41.377  -75.441  -0.601 0.5000000000
156610  -42.402  -77.530  -0.522 0.5000000000
86133  -42.121  -77.201  -0.104 0.5000000000
156608  -42.704  -77.856  -1.002 0.5000000000
156609  -42.485  -77.853  -0.128 0.5000000000
86147  -39.773  -70.770  0.167 0.4000000060
156707  -39.703  -69.392  0.565 0.4000000060
86145  -40.458  -73.208  -0.627 0.5000000000
156614  -41.379  -75.078  -1.042 0.5000000000
15638  -42.039  -76.082  -1.461 0.4000000060
156613  -41.673  -75.760  -1.037 0.5000000000
7079  -42.684  -77.479  -1.450 0.5000000000
86149  -39.931  -70.247  -0.299 0.4000000060
86151  -39.992  -69.332  -0.345 0.3000000119
156626  -40.381  -71.886  -1.154 0.5000000000
156624  -40.764  -73.583  -1.078 0.5000000000
118277  -41.090  -73.954  -1.539 0.5000000000
46359  -42.177  -75.956  -1.906 0.4000000060
101878  -42.507  -76.636  -1.893 0.5000000000
24359  -40.839  -73.146  -1.544 0.5000000000
118278  -41.537  -74.546  -1.963 0.4000000060
15640  -42.341  -75.829  -2.355 0.4000000060
137002  -42.031  -75.123  -2.376 0.4000000060
24361  -41.225  -72.870  -2.464 0.4000000060
55960  -40.849  -72.157  -2.053 0.4000000060
118279  -41.262  -73.787  -2.018 0.4000000060
69962  -42.246  -74.989  -2.823 0.4000000060
61352  -40.845  -74.063  3.846 0.5000000000
27595  -41.270  -75.434  2.894 0.4000000060
51749  -42.322  -77.691  1.477 0.5000000000
111626  -39.718  -69.739  4.197 0.5000000000
125826  -41.837  -76.807  1.986 0.5000000000
111628  -40.204  -67.000  3.190 0.3000000119
21055  -41.029  -65.796  2.704 0.2000000030
111631  -40.074  -67.241  1.815 0.3000000119
156708  -39.878  -67.997  0.959 0.4000000060
111633  -40.360  -66.753  1.344 0.3000000119
51778  -40.896  -65.987  1.363 0.3000000119
86215  -40.577  -66.618  0.441 0.3000000119
86217  -40.495  -66.994  -0.005 0.3000000119
156711  -40.140  -68.354  -0.392 0.3000000119
156630  -40.259  -70.170  -1.210 0.3000000119
86150  -40.100  -69.760  -0.775 0.3000000119
3293  -40.534  -71.460  -1.628 0.3000000119
156631  -40.339  -69.238  -1.242 0.3000000119
156712  -40.440  -67.848  -0.873 0.2000000030
10973  -40.502  -69.654  -1.687 0.3000000119
93480  -40.749  -71.277  -2.108 0.3000000119
10974  -40.977  -71.079  -2.597 0.3000000119
41694  -40.762  -69.483  -2.150 0.2000000030
55962  -41.279  -71.830  -3.019 0.3000000119
118283  -41.432  -72.698  -2.946 0.4000000060
118284  -41.865  -73.325  -3.364 0.4000000060
3295  -41.473  -70.764  -3.516 0.2000000030
55963  -41.514  -71.661  -3.477 0.3000000119
55964  -41.918  -72.339  -3.889 0.2000000030
161738  -41.379  -69.080  -3.059 0.2000000030
161742  -41.769  -70.571  -3.960 0.2000000030
114151  -42.710  -68.333  -4.608 0.1000000015
22456  -43.007  -66.862  -4.037 0.1000000015
96717  -40.896  -73.702  4.297 0.4000000060
156689  -40.525  -72.998  4.303 0.4000000060
12770  -41.244  -74.701  3.818 0.5000000000
61349  -42.041  -76.281  3.234 0.4000000060
125827  -41.733  -76.423  2.393 0.5000000000
86200  -39.773  -70.609  4.225 0.5000000000
27608  -40.195  -67.499  4.512 0.4000000060
125864  -41.011  -65.908  3.529 0.3000000119
27610  -41.594  -65.213  3.423 0.2000000030
125866  -41.685  -65.140  2.612 0.2000000030
27611  -42.431  -64.599  2.552 0.1000000015
61377  -42.322  -64.644  3.312 0.1000000015
21059  -41.322  -65.556  0.926 0.2000000030
51781  -42.303  -64.781  1.336 0.2000000030
9449  -40.982  -66.168  0.005 0.2000000030
111636  -41.583  -65.462  0.039 0.2000000030
38585  -40.828  -66.936  -0.916 0.2000000030
86219  -40.878  -66.519  -0.460 0.2000000030
131  -40.900  -67.806  -1.727 0.2000000030
156717  -42.064  -65.146  -0.370 0.2000000030
156714  -41.283  -66.512  -1.332 0.1000000015
41695  -40.915  -68.555  -2.176 0.2000000030
156715  -41.804  -65.792  -1.289 0.1000000015
34184  -41.725  -66.146  -1.724 0.1000000015
143620  -41.565  -66.787  -2.143 0.1000000015
143619  -41.174  -67.654  -2.162 0.2000000030
161737  -41.248  -68.352  -2.613 0.2000000030
143621  -41.941  -66.629  -2.531 0.1000000015
75355  -42.684  -65.335  -2.036 0.1000000015
90406  -41.878  -67.281  -2.956 0.1000000015
90407  -41.599  -68.175  -3.026 0.1000000015
90408  -41.922  -68.036  -3.417 0.1000000015
90410  -42.192  -69.423  -4.335 0.1000000015
143624  -42.849  -65.762  -2.819 0.1000000015
114149  -42.279  -67.840  -3.775 0.1000000015
22457  -42.372  -68.518  -4.241 0.1000000015
143626  -43.073  -66.273  -3.606 0.1000000015
143627  -43.456  -66.120  -3.939 0.1000000015
143628  -43.836  -65.989  -4.267 0.1000000015
34191  -44.721  -65.306  -4.535 0.1000000015
27591  -43.775  -77.389  4.341 0.3000000119
125821  -43.311  -77.247  3.975 0.3000000119
12767  -43.135  -75.543  5.329 0.3000000119
96710  -43.448  -76.473  4.863 0.3000000119
43488  -42.631  -75.399  4.982 0.3000000119
96712  -42.587  -75.787  4.539 0.3000000119
125820  -43.364  -76.859  4.431 0.3000000119
61346  -42.899  -76.707  4.019 0.3000000119
61347  -42.461  -76.498  3.626 0.3000000119
96713  -42.110  -75.554  4.169 0.3000000119
96715  -41.675  -74.975  4.229 0.3000000119
43489  -42.184  -74.829  5.055 0.3000000119
43490  -41.727  -74.602  4.670 0.3000000119
5089  -42.064  -75.915  3.712 0.3000000119
38577  -40.557  -72.582  4.736 0.4000000060
86198  -41.002  -72.835  5.141 0.4000000060
156687  -41.382  -73.527  5.138 0.4000000060
12771  -41.336  -73.969  4.716 0.4000000060
125858  -40.154  -67.924  4.913 0.4000000060
21053  -40.035  -70.983  4.680 0.4000000060
156690  -40.267  -71.816  4.706 0.4000000060
125857  -40.401  -67.524  5.276 0.4000000060
61374  -41.344  -65.633  4.647 0.3000000119
96727  -42.319  -64.721  4.756 0.3000000119
61375  -42.651  -64.419  3.625 0.2000000030
96732  -43.872  -63.776  2.959 0.1000000015
61380  -43.225  -64.121  2.432 0.1000000015
125870  -43.700  -63.896  1.972 0.1000000015
111638  -42.524  -64.668  0.513 0.2000000030
86227  -44.208  -63.716  1.522 0.1000000015
156724  -43.613  -64.091  0.875 0.2000000030
86222  -43.033  -64.452  0.105 0.1000000015
86223  -42.787  -64.629  -0.344 0.1000000015
156716  -42.431  -65.179  -1.244 0.1000000015
156719  -43.154  -64.659  -1.211 0.1000000015
105116  -43.711  -64.485  -1.547 0.1000000015
143623  -43.084  -65.255  -2.379 0.1000000015
17439  -43.755  -64.786  -2.316 0.1000000015
75358  -43.864  -65.108  -3.087 0.1000000015
75359  -43.577  -65.541  -3.511 0.1000000015
75360  -44.242  -65.025  -3.409 0.1000000015
34190  -45.288  -64.578  -3.779 0.1000000015
75366  -45.647  -64.512  -4.153 0.1000000015
135219  -44.056  -76.187  5.634 0.2000000030
135220  -43.671  -75.637  5.685 0.2000000030
61342  -44.350  -77.144  5.119 0.2000000030
552  -42.247  -74.374  5.491 0.3000000119
51771  -40.482  -69.557  5.826 0.3000000119
111623  -40.355  -71.334  5.095 0.4000000060
125855  -40.958  -66.697  5.963 0.3000000119
27606  -41.286  -65.973  5.871 0.3000000119
43498  -43.355  -63.986  4.085 0.1000000015
12780  -44.573  -63.438  2.748 0.1000000015
43500  -44.448  -63.480  3.388 0.1000000015
96735  -45.535  -63.011  2.696 0.1000000015
61382  -45.263  -63.143  2.487 0.1000000015
125872  -44.307  -63.582  2.515 0.1000000015
125873  -44.756  -63.422  2.072 0.1000000015
61384  -45.717  -62.988  2.047 0.1000000015
125874  -45.231  -63.264  1.617 0.1000000015
38589  -44.434  -63.731  0.789 0.1000000015
86224  -43.557  -64.212  -0.317 0.1000000015
86225  -44.090  -64.077  -0.745 0.1000000015
38588  -44.883  -63.781  -0.768 0.1000000015
105120  -44.899  -64.322  -2.664 0.1000000015
31223  -44.188  -75.681  6.057 0.2000000030
6798  -44.352  -74.734  6.890 0.2000000030
68556  -43.877  -74.683  6.530 0.2000000030
68555  -43.793  -75.166  6.096 0.3000000119
156657  -43.420  -74.124  6.615 0.2000000030
111614  -40.978  -67.060  6.371 0.3000000119
51769  -40.640  -68.249  6.068 0.3000000119
21050  -40.674  -69.087  6.192 0.3000000119
111620  -40.822  -69.881  6.202 0.3000000119
27605  -41.951  -65.329  6.388 0.3000000119
125851  -41.501  -65.939  6.565 0.3000000119
61366  -42.329  -65.095  6.608 0.3000000119
43499  -44.067  -63.631  3.824 0.1000000015
135251  -44.660  -63.264  4.199 0.2000000030
135252  -45.035  -63.120  3.761 0.1000000015
156741  -45.417  -62.992  3.327 0.1000000015
156742  -45.797  -62.863  2.891 0.1000000015
38595  -46.440  -62.576  2.631 0.1000000015
156745  -46.845  -62.444  2.160 0.1000000015
21068  -47.654  -62.046  2.083 0.1000000015
86246  -47.450  -62.180  1.893 0.1000000015
111653  -48.559  -61.643  1.366 0.1000000015
86245  -48.027  -61.911  1.623 0.1000000015
61386  -46.374  -62.741  1.803 0.1000000015
156747  -47.032  -62.494  1.562 0.1000000015
86247  -47.852  -62.055  1.442 0.1000000015
86248  -47.654  -62.228  1.287 0.1000000015
156752  -48.900  -61.546  0.924 0.1000000015
156755  -48.699  -61.741  0.744 0.1000000015
38598  -49.417  -61.267  0.708 0.1000000015
86251  -49.594  -61.076  0.953 0.1000000015
86252  -49.932  -60.970  0.495 0.1000000015
125875  -45.970  -62.981  1.423 0.1000000015
27615  -46.819  -62.650  1.392 0.1000000015
125876  -46.630  -62.795  1.204 0.1000000015
38597  -48.059  -62.157  0.843 0.1000000015
125877  -47.279  -62.564  0.974 0.1000000015
156756  -48.601  -61.933  0.560 0.1000000015
38599  -49.123  -61.680  0.286 0.1000000015
111655  -50.280  -60.844  0.035 0.1000000015
111641  -45.511  -63.259  0.923 0.1000000015
21062  -46.425  -62.910  1.007 0.1000000015
156726  -45.253  -63.431  0.651 0.1000000015
38590  -45.473  -63.501  -0.073 0.1000000015
156722  -45.471  -63.665  -1.184 0.1000000015
143630  -45.684  -63.984  -2.726 0.1000000015
21042  -43.408  -71.989  8.654 0.2000000030
111607  -43.092  -72.226  7.832 0.2000000030
86171  -43.562  -73.210  7.422 0.2000000030
51762  -42.995  -71.435  8.642 0.3000000119
86170  -43.098  -72.628  7.426 0.2000000030
21049  -41.032  -68.163  6.859 0.3000000119
86192  -41.598  -70.457  6.980 0.3000000119
86183  -41.501  -66.302  6.986 0.3000000119
156672  -41.215  -67.759  7.194 0.3000000119
86188  -41.469  -69.233  7.311 0.3000000119
86187  -41.303  -68.485  7.268 0.3000000119
86190  -41.683  -69.996  7.330 0.3000000119
38574  -41.899  -71.188  7.033 0.3000000119
125849  -42.255  -65.393  7.072 0.3000000119
135244  -43.280  -64.452  6.617 0.2000000030
27604  -41.856  -65.991  7.261 0.3000000119
31234  -44.325  -63.565  5.390 0.3000000119
135250  -44.275  -63.452  4.664 0.2000000030
31236  -45.699  -62.819  3.517 0.1000000015
135254  -45.993  -62.662  3.726 0.2000000030
86243  -46.081  -62.690  3.086 0.1000000015
2298  -47.714  -62.484  0.567 0.1000000015
156758  -48.348  -62.277  0.268 0.1000000015
86255  -49.550  -61.629  -0.153 0.1000000015
21064  -47.406  -62.785  0.120 0.1000000015
51786  -48.189  -62.443  0.115 0.1000000015
51785  -48.052  -62.589  -0.080 0.1000000015
86230  -46.461  -63.130  0.051 0.1000000015
9451  -46.987  -63.062  -0.383 0.1000000015
86234  -46.763  -63.163  -0.640 0.1000000015
38591  -46.526  -63.307  -0.932 0.1000000015
156732  -47.053  -63.263  -1.336 0.1000000015
120798  -46.487  -63.557  -2.000 0.1000000015
51760  -42.838  -71.006  9.085 0.3000000119
51761  -43.217  -71.589  9.101 0.3000000119
125846  -42.499  -70.381  9.053 0.3000000119
156668  -42.287  -70.131  8.592 0.3000000119
38573  -42.024  -70.279  7.744 0.3000000119
156676  -42.030  -69.850  8.128 0.3000000119
38571  -41.450  -67.367  7.501 0.3000000119
38572  -41.586  -68.800  7.648 0.3000000119
156671  -41.604  -67.694  7.921 0.3000000119
156675  -41.818  -69.149  8.071 0.3000000119
125848  -42.252  -65.732  7.532 0.3000000119
1218  -42.621  -65.465  7.849 0.3000000119
135242  -43.075  -64.966  7.635 0.2000000030
156669  -41.905  -66.331  7.700 0.3000000119
68574  -44.296  -64.012  6.675 0.2000000030
68575  -45.362  -63.207  5.445 0.2000000030
6803  -45.680  -62.964  4.946 0.2000000030
68581  -46.007  -62.754  4.463 0.2000000030
5093  -43.357  -71.590  10.427 0.1000000015
61362  -42.447  -69.884  10.325 0.2000000030
61363  -42.567  -70.276  9.919 0.3000000119
38570  -42.022  -69.454  8.525 0.3000000119
86181  -42.009  -69.047  8.904 0.3000000119
51765  -42.604  -65.785  8.336 0.3000000119
51766  -42.265  -66.355  8.510 0.3000000119
135241  -43.465  -64.818  7.916 0.2000000030
68571  -43.988  -64.471  7.692 0.2000000030
6802  -44.714  -63.985  6.993 0.1000000015
68570  -44.540  -64.212  7.500 0.1000000015
101047  -45.318  -63.728  6.786 0.2000000030
5094  -42.278  -69.239  10.241 0.3000000119
156665  -42.170  -68.971  9.753 0.3000000119
111611  -42.291  -66.698  8.975 0.3000000119
68563  -43.325  -65.428  8.907 0.2000000030
68564  -43.787  -65.003  8.695 0.2000000030
135240  -43.862  -64.760  8.202 0.2000000030
31231  -44.378  -64.440  7.976 0.1000000015
135238  -44.786  -64.409  8.279 0.1000000015
135236  -44.637  -64.626  8.769 0.1000000015
6801  -44.157  -64.929  8.968 0.1000000015
101045  -46.122  -63.741  7.431 0.1000000015
38568  -42.201  -67.978  10.025 0.3000000119
111610  -42.323  -67.023  9.446 0.3000000119
135230  -42.881  -66.220  9.581 0.2000000030
68560  -44.042  -65.192  9.444 0.1000000015
101041  -44.342  -65.106  9.714 0.1000000015
117626  -45.702  -64.508  9.685 0.1000000015
3138  -46.306  -63.949  8.222 0.1000000015
135226  -42.817  -66.836  10.551 0.2000000030
135227  -42.854  -66.535  10.067 0.2000000030
101040  -44.220  -65.378  10.183 0.1000000015
117628  -46.452  -64.148  9.031 0.1000000015
24079  -46.580  -64.293  9.827 0.1000000015
156578  -43.507  -80.589  -1.321 0.3000000119
156576  -43.264  -81.943  -1.628 0.3000000119
156577  -43.443  -81.264  -1.447 0.3000000119
127791  -39.914  -85.094  -2.893 0.2000000030
53154  -38.403  -85.777  -3.076 0.2000000030
156575  -42.884  -82.627  -1.762 0.4000000060
62753  -41.940  -83.612  -2.330 0.3000000119
43958  -43.487  -80.991  -1.831 0.4000000060
5558  -42.506  -82.979  -2.257 0.3000000119
28436  -41.298  -84.136  -2.400 0.3000000119
551  -43.540  -80.327  -1.701 0.4000000060
97558  -42.924  -82.286  -2.560 0.4000000060
62754  -41.267  -84.068  -2.824 0.3000000119
28437  -39.869  -85.020  -3.343 0.2000000030
43960  -43.504  -80.982  -2.268 0.4000000060
43959  -43.292  -81.638  -2.416 0.4000000060
127795  -41.839  -83.451  -3.172 0.4000000060
136992  -43.584  -80.292  -2.121 0.4000000060
136993  -43.463  -79.577  -2.003 0.4000000060
13239  -42.408  -82.853  -3.088 0.4000000060
28438  -41.222  -83.999  -3.238 0.3000000119
90346  -39.843  -84.956  -3.781 0.3000000119
161683  -43.542  -80.957  -2.698 0.4000000060
97559  -42.922  -82.227  -2.959 0.4000000060
62757  -41.796  -83.397  -3.578 0.3000000119
127794  -40.516  -84.458  -3.705 0.4000000060
136994  -43.570  -79.465  -2.420 0.4000000060
97560  -42.928  -82.166  -3.377 0.4000000060
28439  -41.199  -83.869  -4.086 0.3000000119
31879  -43.426  -78.725  -2.359 0.4000000060
90362  -43.587  -80.828  -3.125 0.4000000060
161684  -43.315  -81.521  -3.256 0.4000000060
5560  -42.438  -82.737  -3.931 0.4000000060
136995  -43.711  -79.326  -2.842 0.4000000060
161685  -42.955  -82.100  -3.819 0.4000000060
62760  -41.901  -83.267  -4.494 0.3000000119
136997  -43.554  -78.589  -2.799 0.4000000060
90363  -43.659  -80.721  -3.559 0.4000000060
40243  -43.361  -81.429  -3.703 0.4000000060
161688  -42.481  -82.701  -4.394 0.4000000060
7080  -43.834  -79.989  -3.410 0.4000000060
114122  -43.747  -80.603  -4.000 0.4000000060
161686  -43.436  -81.331  -4.153 0.4000000060
161687  -43.023  -82.023  -4.289 0.4000000060
161689  -41.965  -83.194  -4.961 0.3000000119
136998  -43.804  -79.193  -3.279 0.4000000060
22442  -43.527  -81.178  -4.590 0.4000000060
90365  -43.093  -81.884  -4.741 0.4000000060
40244  -42.560  -82.589  -4.844 0.3000000119
161690  -41.429  -83.698  -5.499 0.2000000030
31880  -43.657  -78.445  -3.250 0.3000000119
114121  -43.935  -79.837  -3.855 0.4000000060
136999  -43.992  -79.058  -3.730 0.4000000060
22441  -44.052  -79.673  -4.304 0.4000000060
114124  -43.615  -81.044  -5.049 0.4000000060
90364  -43.155  -81.755  -5.206 0.4000000060
90367  -42.071  -83.069  -5.430 0.2000000030
90368  -42.178  -82.991  -5.902 0.2000000030
161699  -41.036  -84.186  -6.512 0.3000000119
69960  -43.675  -77.560  -3.665 0.3000000119
69959  -43.847  -78.290  -3.701 0.3000000119
137000  -44.128  -78.902  -4.190 0.3000000119
114125  -43.214  -81.638  -5.691 0.3000000119
161697  -42.304  -82.886  -6.355 0.2000000030
10003  -42.740  -82.339  -5.805 0.2000000030
161698  -41.687  -83.554  -6.439 0.2000000030
40248  -40.435  -84.694  -7.024 0.2000000030
137007  -43.464  -76.855  -3.640 0.3000000119
31881  -44.022  -78.135  -4.144 0.3000000119
53162  -43.948  -80.296  -4.893 0.4000000060
161694  -42.876  -82.173  -6.239 0.1000000015
31883  -43.658  -76.702  -4.073 0.3000000119
137009  -44.185  -77.969  -4.567 0.3000000119
1374  -44.239  -79.341  -5.197 0.2000000030
161692  -43.823  -80.722  -5.927 0.2000000030
40247  -41.814  -83.454  -6.868 0.1000000015
90376  -40.561  -84.596  -7.491 0.2000000030
137011  -44.449  -78.374  -5.497 0.2000000030
127801  -44.351  -79.150  -5.618 0.2000000030
28442  -43.968  -80.531  -6.338 0.1000000015
40246  -43.031  -82.034  -6.661 0.1000000015
90373  -41.963  -83.372  -7.335 0.1000000015
90374  -41.267  -84.012  -7.406 0.1000000015
69965  -43.434  -75.979  -4.069 0.2000000030
69967  -44.035  -77.237  -4.513 0.3000000119
31884  -44.306  -77.788  -4.983 0.3000000119
101883  -42.877  -74.565  -4.155 0.2000000030
69964  -43.639  -75.818  -4.521 0.1000000015
69966  -43.853  -76.512  -4.513 0.3000000119
69969  -44.470  -77.612  -5.392 0.2000000030
127803  -44.272  -79.764  -6.163 0.1000000015
90371  -43.191  -81.956  -7.098 0.1000000015
22445  -42.135  -83.268  -7.793 0.1000000015
90372  -41.417  -83.939  -7.885 0.1000000015
101884  -43.388  -75.143  -4.564 0.2000000030
7082  -44.055  -76.331  -4.941 0.2000000030
69970  -44.378  -76.873  -5.337 0.2000000030
137012  -44.567  -78.202  -5.897 0.1000000015
28441  -44.458  -78.975  -6.019 0.1000000015
127804  -44.125  -80.347  -6.743 0.1000000015
127805  -43.877  -80.992  -7.339 0.1000000015
114127  -42.796  -82.548  -7.677 0.1000000015
114129  -41.628  -83.822  -8.351 0.1000000015
114132  -40.340  -84.917  -8.997 0.1000000015
101886  -44.277  -76.164  -5.367 0.1000000015
31885  -44.607  -77.443  -5.792 0.2000000030
137013  -44.663  -78.036  -6.282 0.1000000015
62763  -44.508  -79.400  -6.927 0.1000000015
127807  -44.040  -80.819  -7.720 0.1000000015
114126  -42.982  -82.383  -8.112 0.1000000015
22444  -42.499  -82.989  -8.684 0.1000000015
22446  -41.048  -84.305  -8.917 0.1000000015
114133  -39.814  -85.446  -9.553 0.1000000015
5561  -44.699  -78.610  -6.778 0.1000000015
62765  -44.184  -80.620  -8.105 0.1000000015
28444  -43.725  -81.425  -8.343 0.1000000015
2483  -41.381  -84.050  -9.799 0.1000000015
53168  -40.668  -84.721  -9.912 0.1000000015
62767  -43.288  -82.012  -8.924 0.1000000015
15179  -46.444  -62.964  5.556 0.2000000030
15641  -42.581  -73.812  -4.213 0.2000000030
46362  -43.097  -74.447  -4.636 0.1000000015
101885  -43.858  -75.656  -4.970 0.1000000015
101887  -44.088  -75.479  -5.406 0.1000000015
137015  -44.718  -77.278  -6.187 0.1000000015
15644  -44.463  -75.988  -5.778 0.1000000015
137016  -44.808  -77.840  -6.655 0.1000000015
97562  -44.674  -79.201  -7.319 0.1000000015
53166  -41.216  -84.195  -9.358 0.1000000015
53165  -41.808  -83.702  -8.816 0.1000000015
127809  -43.162  -82.211  -8.542 0.1000000015
13242  -44.527  -79.792  -7.871 0.1000000015
97556  -42.961  -82.330  -2.144 0.3000000119
13238  -43.305  -81.660  -1.993 0.4000000060
127792  -40.603  -84.611  -2.856 0.3000000119
62755  -41.897  -83.520  -2.763 0.3000000119
97557  -42.436  -82.911  -2.676 0.3000000119
127793  -40.569  -84.524  -3.291 0.3000000119
13240  -43.301  -81.608  -2.819 0.4000000060
127796  -41.153  -83.946  -3.636 0.3000000119
31878  -43.655  -80.223  -2.538 0.4000000060
62756  -42.412  -82.794  -3.511 0.4000000060
62758  -41.849  -83.329  -4.038 0.3000000119
90361  -43.751  -80.120  -2.968 0.4000000060
114123  -43.852  -80.439  -4.437 0.4000000060
90366  -42.666  -82.428  -5.303 0.2000000030
40245  -41.559  -83.630  -5.978 0.2000000030
53161  -44.139  -79.525  -4.759 0.3000000119
22443  -43.715  -80.896  -5.499 0.2000000030
90375  -41.142  -84.090  -6.944 0.2000000030
137008  -43.861  -77.411  -4.091 0.3000000119
137001  -44.208  -78.737  -4.649 0.3000000119
161693  -43.386  -81.456  -6.101 0.2000000030
161696  -42.451  -82.758  -6.783 0.1000000015
53163  -44.042  -80.128  -5.331 0.4000000060
137010  -44.334  -78.548  -5.089 0.2000000030
127802  -44.139  -79.945  -5.766 0.2000000030
90370  -43.541  -81.301  -6.514 0.1000000015
10004  -40.739  -84.497  -7.972 0.1000000015
90369  -43.702  -81.145  -6.927 0.1000000015
161695  -42.618  -82.678  -7.230 0.1000000015
69968  -44.209  -77.040  -4.939 0.3000000119
62762  -44.387  -79.585  -6.546 0.1000000015
5562  -43.380  -81.783  -7.513 0.1000000015
114128  -42.318  -83.142  -8.255 0.1000000015
114130  -40.887  -84.406  -8.456 0.1000000015
15643  -43.611  -74.963  -5.019 0.1000000015
137014  -44.562  -76.697  -5.741 0.1000000015
62761  -44.558  -78.797  -6.400 0.1000000015
28443  -44.275  -80.183  -7.137 0.1000000015
127808  -43.562  -81.606  -7.932 0.1000000015
53167  -40.486  -84.851  -9.458 0.1000000015
127806  -44.419  -80.006  -7.505 0.1000000015
22448  -39.981  -85.350  -10.032 0.1000000015
97561  -44.859  -78.403  -7.152 0.1000000015
69972  -44.737  -76.507  -6.143 0.1000000015
156597  -43.573  -81.527  1.032 0.3000000119
21021  -43.418  -81.963  0.554 0.2000000030
51740  -43.055  -82.606  0.472 0.3000000119
111566  -43.186  -82.385  0.087 0.2000000030
9436  -43.560  -79.744  1.675 0.4000000060
86123  -43.659  -80.848  1.116 0.2000000030
86124  -43.587  -80.168  1.233 0.4000000060
156598  -43.576  -81.293  0.660 0.3000000119
111565  -42.727  -82.978  0.016 0.2000000030
156600  -43.502  -79.926  0.859 0.4000000060
111567  -43.491  -81.724  0.186 0.2000000030
21020  -42.950  -82.804  -0.415 0.2000000030
111563  -42.122  -83.488  -0.029 0.1000000015
111564  -42.403  -83.352  -0.472 0.2000000030
9433  -41.722  -83.849  -0.543 0.1000000015
9434  -43.503  -81.501  -0.196 0.3000000119
86095  -41.409  -83.933  -0.106 0.1000000015
156573  -42.596  -83.176  -0.929 0.2000000030
86097  -40.978  -84.275  -0.617 0.1000000015
86098  -40.511  -84.604  -1.097 0.1000000015
86099  -41.245  -84.209  -1.048 0.1000000015
38537  -40.787  -84.517  -1.521 0.1000000015
86091  -38.967  -85.127  -1.293 0.1000000015
156567  -39.751  -84.912  -1.176 0.1000000015
156568  -40.061  -84.916  -1.565 0.1000000015
86090  -38.512  -85.377  -1.769 0.1000000015
38534  -39.305  -85.235  -1.641 0.1000000015
156602  -43.541  -80.781  -0.070 0.3000000119
86103  -43.082  -82.564  -0.834 0.2000000030
38538  -42.200  -83.513  -1.456 0.2000000030
86101  -41.978  -83.722  -0.987 0.2000000030
86100  -41.514  -84.044  -1.490 0.2000000030
156559  -38.824  -85.461  -2.133 0.1000000015
38533  -37.731  -85.533  -1.932 0.1000000015
156603  -43.528  -80.459  -0.417 0.2000000030
86106  -43.526  -81.183  -0.581 0.3000000119
156574  -42.776  -82.909  -1.360 0.2000000030
156570  -41.071  -84.364  -1.969 0.2000000030
156560  -39.582  -85.197  -2.044 0.1000000015
156557  -37.282  -85.812  -2.465 0.1000000015
156558  -38.054  -85.633  -2.265 0.1000000015
86105  -43.435  -81.569  -1.092 0.3000000119
156572  -42.363  -83.252  -1.867 0.3000000119
86128  -43.414  -79.771  -0.293 0.2000000030
127790  -40.621  -84.654  -2.421 0.2000000030
2291  -39.883  -85.101  -2.461 0.1000000015
114107  -37.615  -85.918  -2.795 0.1000000015
22433  -38.352  -85.727  -2.628 0.1000000015
53155  -39.159  -85.478  -2.986 0.1000000015
114108  -36.907  -86.251  -3.365 0.1000000015
38540  -43.532  -80.873  -0.932 0.2000000030
22435  -38.430  -85.800  -3.508 0.1000000015
161665  -39.141  -85.439  -3.437 0.1000000015
22434  -36.959  -86.383  -3.771 0.1000000015
114110  -37.696  -86.112  -3.633 0.1000000015
156604  -43.511  -80.175  -0.801 0.2000000030
90347  -39.147  -85.405  -3.886 0.1000000015
161666  -38.456  -85.796  -3.938 0.1000000015
90348  -39.169  -85.389  -4.329 0.1000000015
161660  -35.537  -87.057  -4.372 0.1000000015
90341  -37.004  -86.478  -4.185 0.1000000015
114111  -37.732  -86.163  -4.059 0.1000000015
40237  -38.478  -85.783  -4.393 0.1000000015
127797  -40.523  -84.392  -4.144 0.3000000119
161670  -37.157  -86.654  -4.990 0.1000000015
38548  -43.484  -80.029  0.099 0.3000000119
38547  -43.599  -80.618  0.773 0.3000000119
156599  -43.587  -81.060  0.312 0.2000000030
38539  -43.194  -82.255  -1.238 0.3000000119
53153  -39.114  -85.458  -2.526 0.1000000015
114109  -37.659  -86.031  -3.209 0.1000000015
156571  -41.752  -83.829  -1.937 0.2000000030
86102  -43.312  -82.175  -0.314 0.2000000030
86104  -43.424  -81.913  -0.707 0.3000000119
156569  -40.331  -84.831  -1.991 0.1000000015
161659  -36.209  -86.623  -3.925 0.1000000015
90342  -36.273  -86.765  -4.315 0.1000000015
161667  -37.772  -86.197  -4.488 0.1000000015
40234  -35.428  -86.891  -3.998 0.1000000015
10000  -37.071  -86.572  -4.593 0.1000000015
5559  -39.840  -84.900  -4.219 0.2000000030
90349  -38.011  -86.321  -5.774 0.1000000015
10001  -37.472  -86.822  -6.230 0.1000000015
114116  -38.114  -86.336  -6.202 0.2000000030
90355  -36.953  -87.319  -6.657 0.1000000015
114114  -39.271  -85.328  -5.208 0.2000000030
114115  -38.664  -85.828  -5.725 0.2000000030
114117  -37.581  -86.832  -6.648 0.2000000030
22438  -38.778  -85.834  -6.155 0.1000000015
161677  -37.093  -87.352  -7.106 0.1000000015
114118  -38.229  -86.335  -6.632 0.2000000030
53159  -38.901  -85.821  -6.613 0.1000000015
114112  -39.866  -84.856  -4.678 0.2000000030
53157  -39.352  -85.314  -5.654 0.1000000015
22439  -37.713  -86.847  -7.116 0.1000000015
114119  -38.357  -86.332  -7.098 0.1000000015
127798  -40.560  -84.338  -4.603 0.2000000030
22436  -39.938  -84.829  -5.131 0.2000000030
53158  -39.469  -85.332  -6.118 0.1000000015
22440  -39.035  -85.780  -7.087 0.1000000015
53156  -40.041  -84.814  -5.589 0.1000000015
53160  -39.602  -85.281  -6.595 0.1000000015
62759  -41.247  -83.809  -4.544 0.2000000030
127799  -40.612  -84.306  -5.052 0.2000000030
127800  -40.735  -84.285  -5.540 0.2000000030
161701  -39.733  -85.215  -7.078 0.1000000015
2482  -40.170  -84.806  -6.060 0.1000000015
28440  -41.295  -83.765  -5.007 0.2000000030
161700  -40.318  -84.769  -6.550 0.1000000015
161702  -39.182  -85.699  -7.567 0.1000000015
114113  -39.209  -85.357  -4.777 0.1000000015
22437  -38.588  -85.814  -5.278 0.1000000015
86122  -43.690  -80.404  1.582 0.2000000030
51741  -43.270  -82.168  0.965 0.1000000015
61344  -43.847  -77.012  4.773 0.2000000030
125817  -44.559  -78.097  4.632 0.1000000015
111604  -43.815  -72.499  8.670 0.1000000015
15170  -45.105  -75.781  6.828 0.1000000015
135217  -45.020  -76.264  6.398 0.1000000015
156655  -43.981  -73.716  7.367 0.1000000015
68553  -44.686  -75.710  6.445 0.1000000015
86163  -44.051  -72.594  9.089 0.2000000030
9442  -44.224  -72.989  8.663 0.1000000015
45890  -45.470  -75.384  7.678 0.1000000015
111603  -43.629  -72.113  9.089 0.2000000030
111605  -43.925  -72.892  8.248 0.1000000015
86169  -44.342  -73.389  8.203 0.1000000015
156652  -44.778  -74.291  7.727 0.1000000015
101037  -44.775  -74.773  7.282 0.1000000015
101036  -45.176  -75.301  7.249 0.1000000015
86120  -43.748  -79.973  2.034 0.2000000030
125818  -44.156  -77.930  4.241 0.1000000015
68552  -44.756  -75.253  6.866 0.1000000015
156653  -44.381  -74.239  7.319 0.1000000015
156654  -43.996  -73.297  7.786 0.1000000015
111602  -43.426  -71.750  9.546 0.2000000030
61343  -44.239  -77.558  4.682 0.1000000015
101034  -45.392  -76.347  6.779 0.1000000015
101035  -45.457  -75.876  7.219 0.1000000015
38565  -44.415  -73.788  7.744 0.1000000015
86167  -44.625  -73.481  8.605 0.1000000015
86121  -43.845  -80.640  1.984 0.1000000015
38546  -43.688  -81.066  1.511 0.1000000015
156660  -42.307  -67.939  10.875 0.1000000015
12774  -42.270  -68.543  11.016 0.1000000015
96721  -42.309  -69.147  11.151 0.1000000015
12773  -42.411  -69.755  11.257 0.1000000015
27600  -42.844  -70.887  11.350 0.1000000015
96722  -42.242  -68.895  10.630 0.1000000015
61360  -42.334  -69.515  10.748 0.1000000015
43492  -42.234  -68.405  11.944 0.1000000015
12772  -42.200  -69.000  12.070 0.1000000015
96718  -42.256  -69.585  12.177 0.1000000015
61357  -42.547  -70.709  12.300 0.1000000015
43494  -42.328  -68.182  11.401 0.1000000015
43493  -42.266  -68.780  11.547 0.1000000015
96719  -42.417  -69.970  11.750 0.1000000015
61359  -42.605  -70.539  11.797 0.1000000015
125838  -43.039  -71.579  11.873 0.1000000015
135224  -42.470  -67.613  11.238 0.1000000015
141908  -42.082  -69.946  13.151 0.1000000015
141912  -42.264  -68.007  12.268 0.1000000015
141911  -42.116  -68.587  12.436 0.1000000015
141910  -42.112  -69.191  12.586 0.1000000015
141909  -42.198  -69.763  12.684 0.1000000015
285  -42.377  -67.802  11.777 0.1000000015
5092  -42.384  -70.155  12.255 0.1000000015
141905  -42.463  -70.877  12.813 0.1000000015
135225  -42.706  -67.085  11.057 0.1000000015
68558  -43.037  -66.596  10.868 0.1000000015
73956  -41.946  -68.325  13.233 0.1000000015
73955  -42.019  -68.766  12.921 0.1000000015
33593  -42.015  -69.353  13.061 0.1000000015
141938  -42.307  -67.617  12.573 0.1000000015
141939  -42.481  -67.459  12.073 0.1000000015
31225  -42.910  -66.810  11.359 0.1000000015
31227  -43.130  -66.330  10.359 0.1000000015
101051  -46.044  -62.936  5.245 0.1000000015
101052  -46.345  -62.717  4.745 0.1000000015
68583  -47.218  -62.261  3.984 0.1000000015
141941  -43.100  -66.530  11.658 0.1000000015
68559  -43.412  -66.139  10.658 0.1000000015
135228  -43.481  -65.834  10.118 0.1000000015
45898  -46.194  -63.240  6.092 0.1000000015
68580  -45.645  -62.817  4.197 0.1000000015
31237  -46.282  -62.556  3.955 0.1000000015
45900  -47.098  -62.751  5.350 0.1000000015
68585  -48.040  -61.847  3.220 0.1000000015
135257  -46.891  -62.320  3.701 0.1000000015
31238  -47.455  -62.056  3.427 0.1000000015
33594  -42.106  -68.177  12.753 0.1000000015
73954  -41.882  -68.914  13.391 0.1000000015
73953  -41.913  -69.514  13.501 0.1000000015
135255  -46.614  -62.400  3.488 0.1000000015
125842  -42.788  -70.702  10.851 0.1000000015
125840  -43.084  -71.232  10.887 0.1000000015
61361  -42.537  -70.119  10.804 0.1000000015
31226  -42.534  -67.371  10.717 0.1000000015
135256  -46.638  -62.503  4.239 0.1000000015
96720  -42.290  -69.381  11.679 0.1000000015
125841  -42.575  -70.362  11.322 0.1000000015
125839  -43.136  -71.387  11.367 0.1000000015
61358  -42.823  -71.079  11.820 0.1000000015
135223  -42.616  -67.289  11.558 0.1000000015
141940  -42.751  -66.967  11.856 0.1000000015
15180  -46.970  -62.474  4.535 0.1000000015
135258  -47.216  -62.136  3.212 0.1000000015
118286  -42.366  -72.990  -4.293 0.1000000015
118287  -42.635  -72.785  -4.748 0.1000000015
24363  -42.204  -72.119  -4.342 0.1000000015
156585  -43.062  -82.139  2.923 0.1000000015
27588  -42.664  -82.492  2.444 0.1000000015
125814  -42.940  -82.435  1.949 0.1000000015
156584  -42.837  -82.206  3.360 0.1000000015
61341  -42.426  -82.549  2.883 0.1000000015
61340  -42.003  -82.890  2.428 0.1000000015
156586  -43.266  -82.031  2.445 0.1000000015
156581  -42.628  -82.250  3.802 0.1000000015
38542  -43.423  -81.763  3.393 0.1000000015
86113  -43.594  -81.643  2.929 0.1000000015
96708  -41.929  -82.577  3.722 0.1000000015
156580  -42.388  -82.241  4.221 0.1000000015
156583  -43.260  -81.821  3.843 0.1000000015
156579  -42.137  -82.203  4.646 0.1000000015
38541  -43.037  -81.847  4.280 0.1000000015
46011  -39.693  -79.053  10.926 0.1000000015
46012  -40.107  -79.099  10.605 0.1000000015
68922  -38.999  -80.597  8.081 0.1000000015
68923  -38.665  -80.975  7.478 0.1000000015
31397  -39.041  -81.097  7.274 0.1000000015
135698  -39.033  -81.587  6.585 0.1000000015
156587  -43.431  -81.911  1.952 0.1000000015
1258  -38.232  -81.828  6.220 0.1000000015
135699  -39.387  -81.740  6.440 0.1000000015
12766  -41.655  -82.546  4.132 0.1000000015
43486  -41.453  -82.535  4.554 0.1000000015
51739  -42.789  -82.732  0.947 0.1000000015
126353  -38.128  -82.302  5.566 0.1000000015
61727  -38.873  -82.621  5.296 0.1000000015
96941  -39.647  -82.840  4.997 0.1000000015
43484  -40.777  -82.752  4.384 0.1000000015
550  -41.227  -82.482  4.934 0.1000000015
135195  -41.912  -82.184  5.071 0.1000000015
86108  -42.804  -81.843  4.717 0.1000000015
21019  -42.450  -83.123  0.450 0.1000000015
27820  -37.297  -82.556  5.143 0.1000000015
12896  -38.807  -83.045  4.558 0.1000000015
43615  -40.823  -82.559  5.141 0.1000000015
135194  -41.658  -82.165  5.455 0.1000000015
46013  -39.887  -79.388  9.990 0.1000000015
101257  -39.627  -79.791  9.357 0.1000000015
6873  -39.716  -80.346  8.458 0.1000000015
86112  -43.927  -81.236  3.384 0.1000000015
86114  -43.944  -81.082  2.915 0.1000000015
38543  -43.746  -81.517  2.448 0.1000000015
68924  -39.382  -80.735  7.850 0.1000000015
135697  -39.409  -81.221  7.101 0.1000000015
135696  -39.765  -80.844  7.642 0.1000000015
2292  -43.113  -82.333  1.434 0.1000000015
5215  -39.703  -82.406  5.716 0.1000000015
96939  -40.072  -82.528  5.557 0.1000000015
12895  -40.444  -82.573  5.357 0.1000000015
31215  -42.581  -81.829  5.172 0.1000000015
135704  -40.486  -82.150  6.094 0.1000000015
135705  -40.869  -82.234  5.907 0.1000000015
135706  -41.255  -82.212  5.694 0.1000000015
135196  -42.334  -81.815  5.560 0.1000000015
1257  -40.765  -78.847  10.938 0.1000000015
46014  -40.529  -79.155  10.322 0.1000000015
117793  -41.412  -78.576  11.253 0.1000000015
117792  -41.657  -78.273  11.877 0.1000000015
9435  -44.220  -80.644  3.342 0.1000000015
15294  -40.293  -79.528  9.673 0.1000000015
135691  -40.698  -79.668  9.325 0.1000000015
86111  -43.825  -81.337  3.834 0.1000000015
156593  -44.102  -80.432  2.891 0.1000000015
135692  -40.423  -80.062  8.783 0.1000000015
156582  -43.657  -81.404  4.287 0.1000000015
156594  -43.930  -80.880  2.429 0.1000000015
135695  -40.094  -80.478  8.214 0.1000000015
68931  -40.128  -80.964  7.467 0.1000000015
68933  -40.146  -81.504  6.808 0.1000000015
135701  -40.128  -82.032  6.222 0.1000000015
135700  -39.766  -81.906  6.308 0.1000000015
31401  -40.528  -81.627  6.699 0.1000000015
68938  -41.675  -81.837  6.240 0.1000000015
31214  -42.092  -81.768  5.976 0.1000000015
135703  -40.899  -81.740  6.598 0.1000000015
31402  -41.300  -81.807  6.435 0.1000000015
24151  -42.032  -78.286  11.562 0.1000000015
86110  -44.221  -80.798  3.798 0.1000000015
117794  -41.147  -78.893  10.619 0.1000000015
117795  -41.793  -78.593  10.954 0.1000000015
55612  -42.626  -78.022  11.880 0.1000000015
55610  -42.838  -77.730  12.464 0.1000000015
111569  -44.074  -81.007  4.728 0.1000000015
21023  -44.191  -80.908  4.259 0.1000000015
111572  -44.441  -80.197  3.756 0.1000000015
68926  -41.377  -79.317  9.710 0.1000000015
24152  -41.576  -78.944  10.331 0.1000000015
86109  -43.445  -81.451  4.756 0.1000000015
156595  -43.734  -81.313  1.957 0.1000000015
135694  -40.821  -80.159  8.555 0.1000000015
31398  -41.105  -79.734  9.098 0.1000000015
68535  -42.765  -81.414  6.048 0.1000000015
86107  -43.230  -81.451  5.218 0.1000000015
31399  -40.473  -80.575  8.002 0.1000000015
68937  -42.121  -81.383  6.716 0.1000000015
68932  -40.504  -81.069  7.300 0.1000000015
68934  -40.896  -81.184  7.184 0.1000000015
135702  -41.312  -81.290  7.059 0.1000000015
55613  -42.430  -78.293  11.289 0.1000000015
117796  -42.232  -78.612  10.682 0.1000000015
6795  -43.844  -81.030  5.228 0.1000000015
38545  -43.933  -80.208  2.438 0.1000000015
68534  -42.534  -81.353  6.465 0.1000000015
31216  -43.388  -81.038  6.109 0.1000000015
101264  -41.683  -80.848  7.507 0.1000000015
68929  -41.206  -80.233  8.322 0.1000000015
68930  -40.852  -80.674  7.825 0.1000000015
6874  -41.263  -80.747  7.630 0.1000000015
135201  -44.224  -80.609  5.694 0.1000000015
21022  -44.816  -80.008  5.141 0.1000000015
135200  -44.003  -80.605  6.122 0.1000000015
68925  -42.031  -78.969  10.068 0.1000000015
6794  -42.921  -80.900  6.947 0.1000000015
68536  -43.175  -81.001  6.528 0.1000000015
135199  -43.783  -80.589  6.573 0.1000000015
68927  -41.783  -79.375  9.436 0.1000000015
15298  -42.093  -80.893  7.348 0.1000000015
68935  -42.504  -80.918  7.163 0.1000000015
135693  -41.509  -79.797  8.836 0.1000000015
101263  -42.034  -80.364  7.940 0.1000000015
101265  -42.449  -80.399  7.783 0.1000000015
68928  -41.622  -80.302  8.115 0.1000000015
135202  -44.709  -80.103  5.646 0.1000000015
135203  -45.060  -79.578  5.551 0.1000000015
15165  -44.177  -80.099  7.040 0.1000000015
68538  -44.376  -80.131  6.595 0.1000000015
117797  -42.638  -78.588  10.410 0.1000000015
15164  -43.680  -79.914  7.829 0.1000000015
101026  -43.948  -80.028  7.455 0.1000000015
101266  -42.878  -80.423  7.592 0.1000000015
101024  -43.301  -80.414  7.393 0.1000000015
15296  -41.943  -79.825  8.629 0.1000000015
31218  -45.334  -79.100  5.973 0.1000000015
68539  -44.876  -79.678  6.573 0.1000000015
101027  -44.559  -79.613  7.493 0.1000000015
68537  -44.711  -79.660  7.047 0.1000000015
24153  -42.832  -78.271  11.018 0.1000000015
15297  -42.796  -79.896  8.254 0.1000000015
101260  -42.219  -79.401  9.193 0.1000000015
135211  -45.566  -78.593  6.408 0.1000000015
3178  -42.457  -78.996  9.802 0.1000000015
55611  -42.261  -78.012  12.182 0.1000000015
93268  -43.677  -76.761  13.888 0.1000000015
10856  -43.574  -77.075  13.310 0.1000000015
55608  -43.402  -77.365  12.721 0.1000000015
55609  -43.075  -77.441  13.053 0.1000000015
68920  -39.316  -80.193  8.705 0.1000000015
31400  -39.760  -81.365  6.941 0.1000000015
126351  -38.590  -81.954  6.077 0.1000000015
27819  -38.964  -82.103  5.936 0.1000000015
61726  -38.491  -82.450  5.429 0.1000000015
61725  -39.331  -82.258  5.833 0.1000000015
96940  -39.251  -82.765  5.151 0.1000000015
43616  -40.018  -82.875  4.798 0.1000000015
43617  -40.384  -82.816  4.578 0.1000000015
12764  -40.307  -83.001  3.840 0.1000000015
101258  -40.041  -79.931  9.058 0.1000000015
135197  -42.982  -81.442  5.632 0.1000000015
135690  -40.933  -79.255  9.991 0.1000000015
68936  -41.717  -81.375  6.920 0.1000000015
111568  -44.390  -80.553  5.199 0.1000000015
135198  -43.617  -81.041  5.673 0.1000000015
31217  -44.555  -80.138  6.115 0.1000000015
101025  -43.565  -80.537  7.002 0.1000000015
46018  -43.230  -79.923  8.050 0.1000000015
68540  -45.011  -79.638  6.072 0.1000000015
117788  -43.198  -77.167  13.693 0.1000000015
46975  -29.166  -94.364  -7.745 0.1000000015
16254  -29.049  -94.223  -7.223 0.1000000015
102993  -29.056  -94.733  -11.835 0.1000000015
71810  -29.056  -94.896  -11.200 0.1000000015
16258  -29.552  -94.383  -10.767 0.1000000015
139287  -29.510  -94.496  -10.137 0.1000000015
102988  -28.939  -95.121  -8.671 0.1000000015
102995  -29.063  -94.535  -12.467 0.1000000015
102997  -29.045  -93.996  -13.603 0.1000000015
102998  -29.003  -93.701  -14.109 0.1000000015
46974  -29.531  -93.732  -7.473 0.1000000015
129163  -29.397  -93.567  -6.993 0.1000000015
63772  -29.238  -93.389  -6.598 0.1000000015
46976  -29.663  -93.868  -7.975 0.1000000015
32688  -29.456  -94.567  -9.486 0.1000000015
139285  -29.404  -94.586  -8.853 0.1000000015
16256  -29.291  -94.497  -8.281 0.1000000015
129162  -28.897  -94.045  -6.794 0.1000000015
102992  -29.583  -94.232  -11.391 0.1000000015
139286  -29.023  -95.171  -9.283 0.1000000015
139288  -29.053  -95.142  -9.900 0.1000000015
16259  -29.615  -94.056  -12.051 0.1000000015
16261  -29.672  -93.644  -13.214 0.1000000015
102999  -29.662  -93.389  -13.758 0.1000000015
16262  -29.566  -93.042  -14.224 0.1000000015
2606  -30.942  -88.985  -4.003 0.1000000015
115392  -29.910  -90.473  -4.623 0.1000000015
53898  -31.077  -89.216  -4.361 0.1000000015
28994  -29.803  -92.917  -6.815 0.1000000015
63773  -29.647  -92.730  -6.435 0.1000000015
5844  -29.511  -92.523  -6.087 0.1000000015
129166  -29.792  -91.645  -5.556 0.1000000015
129165  -29.613  -91.406  -5.174 0.1000000015
23123  -30.076  -90.711  -5.022 0.1000000015
129164  -29.951  -93.087  -7.234 0.1000000015
98168  -29.348  -92.303  -5.711 0.1000000015
687  -30.088  -93.242  -7.700 0.1000000015
63771  -29.088  -93.186  -6.225 0.1000000015
71808  -29.883  -93.964  -9.119 0.1000000015
139284  -29.799  -93.974  -8.489 0.1000000015
46980  -29.643  -93.868  -12.652 0.1000000015
92243  -31.724  -88.622  -4.239 0.1000000015
53897  -30.462  -89.842  -4.487 0.1000000015
92242  -31.614  -88.408  -3.873 0.1000000015
129167  -29.991  -91.868  -5.931 0.1000000015
28995  -30.469  -91.196  -5.791 0.1000000015
63775  -30.254  -90.971  -5.431 0.1000000015
129170  -30.130  -92.091  -6.298 0.1000000015
129171  -30.282  -92.289  -6.659 0.1000000015
71809  -29.974  -93.920  -9.761 0.1000000015
102990  -30.064  -93.846  -10.384 0.1000000015
102991  -30.121  -93.714  -11.009 0.1000000015
46978  -30.175  -93.563  -11.643 0.1000000015
46979  -30.217  -93.418  -12.261 0.1000000015
119140  -30.229  -93.338  -8.210 0.1000000015
53896  -30.317  -89.611  -4.123 0.1000000015
115393  -30.625  -90.061  -4.861 0.1000000015
24730  -30.354  -93.375  -8.806 0.1000000015
23122  -29.762  -90.265  -4.253 0.1000000015
129172  -30.442  -92.470  -7.040 0.1000000015
129173  -30.613  -92.594  -7.455 0.1000000015
158732  -29.851  -89.763  -3.833 0.1000000015
24729  -31.438  -92.272  -8.228 0.1000000015
129175  -31.988  -91.671  -7.995 0.1000000015
129176  -32.716  -91.132  -8.270 0.1000000015
63774  -30.779  -90.295  -5.245 0.1000000015
129169  -30.639  -91.431  -6.139 0.1000000015
28996  -30.800  -91.650  -6.487 0.1000000015
28997  -31.106  -92.012  -7.247 0.1000000015
63779  -31.509  -91.227  -6.646 0.1000000015
129174  -31.271  -92.160  -7.714 0.1000000015
63782  -31.810  -91.553  -7.501 0.1000000015
63778  -31.342  -91.002  -6.319 0.1000000015
63776  -30.973  -90.530  -5.606 0.1000000015
129168  -31.167  -90.764  -5.967 0.1000000015
63777  -32.092  -90.587  -6.454 0.1000000015
63780  -30.961  -91.843  -6.837 0.1000000015
56574  -32.112  -91.710  -8.536 0.1000000015
63781  -31.661  -91.402  -7.047 0.1000000015
