#!ascii label  , from subject fsaverage_sym vox2ras=TkReg
513
551  -43.540  -80.327  -1.701 0.0000000000
616  -45.017  -77.647  -8.179 0.0000000000
1373  -41.406  -74.717  -1.495 0.0000000000
1374  -44.239  -79.341  -5.197 0.0000000000
1375  -43.090  -73.454  -5.139 0.0000000000
2293  -42.181  -77.350  1.901 0.0000000000
2294  -39.561  -71.844  1.954 0.0000000000
2296  -40.227  -68.358  5.342 0.0000000000
3293  -40.534  -71.460  -1.628 0.0000000000
3294  -42.148  -74.100  -3.308 0.0000000000
3295  -41.473  -70.764  -3.516 0.0000000000
5090  -40.667  -74.839  2.051 0.0000000000
5091  -40.477  -73.409  3.857 0.0000000000
5097  -41.686  -65.305  4.955 0.0000000000
5098  -40.476  -66.645  3.616 0.0000000000
5560  -42.438  -82.737  -3.931 0.0000000000
5561  -44.699  -78.610  -6.778 0.0000000000
5562  -43.380  -81.783  -7.513 0.0000000000
5563  -43.913  -80.966  -9.065 0.0000000000
7079  -42.684  -77.479  -1.450 0.0000000000
7080  -43.834  -79.989  -3.410 0.0000000000
7082  -44.055  -76.331  -4.941 0.0000000000
7083  -44.730  -75.529  -6.530 0.0000000000
9438  -41.475  -76.195  0.313 0.0000000000
9439  -40.145  -73.310  0.296 0.0000000000
9440  -39.774  -69.848  0.135 0.0000000000
9446  -40.753  -71.612  5.500 0.0000000000
9447  -39.601  -70.175  3.768 0.0000000000
9448  -39.748  -68.130  1.856 0.0000000000
9449  -40.982  -66.168  0.005 0.0000000000
10003  -42.740  -82.339  -5.805 0.0000000000
10013  -44.222  -72.942  -9.175 0.0000000000
10014  -44.692  -76.386  -9.508 0.0000000000
10015  -43.340  -78.441  -11.231 0.0000000000
10973  -40.502  -69.654  -1.687 0.0000000000
10974  -40.977  -71.079  -2.597 0.0000000000
13240  -43.301  -81.608  -2.819 0.0000000000
13241  -44.918  -78.189  -7.513 0.0000000000
13242  -44.527  -79.792  -7.871 0.0000000000
13243  -44.621  -79.308  -8.551 0.0000000000
13244  -43.947  -80.396  -9.705 0.0000000000
13245  -44.626  -78.719  -9.154 0.0000000000
15638  -42.039  -76.082  -1.461 0.0000000000
15640  -42.341  -75.829  -2.355 0.0000000000
15641  -42.581  -73.812  -4.213 0.0000000000
15642  -43.195  -75.267  -4.072 0.0000000000
15643  -43.611  -74.963  -5.019 0.0000000000
15644  -44.463  -75.988  -5.778 0.0000000000
15645  -44.049  -74.505  -5.890 0.0000000000
21030  -42.213  -77.531  0.312 0.0000000000
21031  -41.744  -76.899  1.181 0.0000000000
21032  -39.977  -73.439  2.026 0.0000000000
21033  -40.271  -74.136  1.175 0.0000000000
21034  -39.795  -72.590  1.129 0.0000000000
21035  -39.835  -71.642  0.190 0.0000000000
21036  -39.556  -70.860  1.051 0.0000000000
21052  -40.276  -70.022  5.476 0.0000000000
21053  -40.035  -70.983  4.680 0.0000000000
21054  -39.839  -69.273  4.600 0.0000000000
21055  -41.029  -65.796  2.704 0.0000000000
21056  -40.020  -67.375  2.754 0.0000000000
21057  -40.531  -66.402  1.807 0.0000000000
21058  -40.237  -67.122  0.914 0.0000000000
22441  -44.052  -79.673  -4.304 0.0000000000
22442  -43.527  -81.178  -4.590 0.0000000000
22443  -43.715  -80.896  -5.499 0.0000000000
22445  -42.135  -83.268  -7.793 0.0000000000
22468  -43.777  -72.326  -9.718 0.0000000000
22470  -44.541  -74.696  -9.335 0.0000000000
22473  -43.802  -76.742  -10.918 0.0000000000
24359  -40.839  -73.146  -1.544 0.0000000000
24360  -41.734  -74.390  -2.410 0.0000000000
24361  -41.225  -72.870  -2.464 0.0000000000
24362  -41.654  -72.516  -3.420 0.0000000000
24363  -42.204  -72.119  -4.342 0.0000000000
27594  -41.448  -76.165  2.032 0.0000000000
27596  -40.491  -74.126  2.940 0.0000000000
27597  -39.859  -72.712  2.904 0.0000000000
27607  -40.700  -66.713  5.199 0.0000000000
27608  -40.195  -67.499  4.512 0.0000000000
27609  -41.002  -65.954  4.309 0.0000000000
27610  -41.594  -65.213  3.423 0.0000000000
27611  -42.431  -64.599  2.552 0.0000000000
28441  -44.458  -78.975  -6.019 0.0000000000
28442  -43.968  -80.531  -6.338 0.0000000000
28443  -44.275  -80.183  -7.137 0.0000000000
28444  -43.725  -81.425  -8.343 0.0000000000
28445  -42.770  -82.584  -9.508 0.0000000000
28447  -42.930  -82.053  -10.274 0.0000000000
28448  -42.947  -81.476  -10.943 0.0000000000
28449  -42.791  -80.855  -11.403 0.0000000000
31877  -43.240  -78.924  -1.499 0.0000000000
31878  -43.655  -80.223  -2.538 0.0000000000
31880  -43.657  -78.445  -3.250 0.0000000000
31881  -44.022  -78.135  -4.144 0.0000000000
31882  -42.725  -75.576  -3.218 0.0000000000
31883  -43.658  -76.702  -4.073 0.0000000000
31884  -44.306  -77.788  -4.983 0.0000000000
31885  -44.607  -77.443  -5.792 0.0000000000
31886  -44.865  -77.066  -6.562 0.0000000000
31887  -45.066  -76.619  -7.292 0.0000000000
38550  -42.778  -78.212  -0.567 0.0000000000
38551  -42.099  -76.834  -0.543 0.0000000000
38552  -41.377  -75.441  -0.601 0.0000000000
38553  -40.991  -75.552  1.189 0.0000000000
38554  -40.772  -74.804  0.313 0.0000000000
38555  -40.693  -74.015  -0.596 0.0000000000
38556  -40.278  -72.370  -0.670 0.0000000000
38557  -40.068  -70.662  -0.727 0.0000000000
38558  -40.205  -68.815  -0.812 0.0000000000
38577  -40.557  -72.582  4.736 0.0000000000
38578  -39.917  -71.871  3.816 0.0000000000
38579  -39.487  -71.051  2.886 0.0000000000
38580  -39.793  -68.355  3.736 0.0000000000
38581  -39.498  -69.179  2.827 0.0000000000
38582  -39.422  -70.033  1.928 0.0000000000
38583  -39.648  -68.958  1.006 0.0000000000
38584  -40.143  -67.907  0.018 0.0000000000
40243  -43.361  -81.429  -3.703 0.0000000000
40244  -42.560  -82.589  -4.844 0.0000000000
40246  -43.031  -82.034  -6.661 0.0000000000
40247  -41.814  -83.454  -6.868 0.0000000000
40267  -44.366  -73.863  -6.679 0.0000000000
40268  -44.832  -74.923  -7.304 0.0000000000
40269  -45.067  -75.978  -8.025 0.0000000000
40277  -44.884  -75.360  -8.726 0.0000000000
40278  -44.908  -77.032  -8.852 0.0000000000
40279  -44.480  -78.066  -9.749 0.0000000000
40280  -43.663  -79.155  -10.767 0.0000000000
41693  -40.647  -68.709  -1.718 0.0000000000
41694  -40.762  -69.483  -2.150 0.0000000000
43959  -43.292  -81.638  -2.416 0.0000000000
43960  -43.504  -80.982  -2.268 0.0000000000
43961  -44.985  -77.928  -7.852 0.0000000000
43962  -44.810  -78.738  -8.007 0.0000000000
43963  -44.882  -78.461  -8.338 0.0000000000
43964  -44.641  -79.014  -8.854 0.0000000000
43965  -44.865  -78.178  -8.649 0.0000000000
46358  -41.703  -75.410  -1.464 0.0000000000
46359  -42.177  -75.956  -1.906 0.0000000000
46360  -41.848  -75.264  -1.923 0.0000000000
46361  -42.834  -73.644  -4.679 0.0000000000
46362  -43.097  -74.447  -4.636 0.0000000000
46363  -43.342  -74.233  -5.078 0.0000000000
46364  -43.838  -74.756  -5.454 0.0000000000
46365  -43.589  -73.990  -5.528 0.0000000000
51747  -42.561  -77.910  1.840 0.0000000000
51749  -42.322  -77.691  1.477 0.0000000000
51750  -42.131  -77.466  1.123 0.0000000000
51751  -41.954  -77.146  1.560 0.0000000000
51752  -39.747  -72.666  1.989 0.0000000000
51753  -39.840  -73.015  1.585 0.0000000000
51754  -39.660  -72.235  1.521 0.0000000000
51755  -39.648  -71.740  1.087 0.0000000000
51756  -39.528  -71.367  1.511 0.0000000000
51768  -40.470  -67.908  5.675 0.0000000000
51769  -40.640  -68.249  6.068 0.0000000000
51770  -40.410  -68.734  5.756 0.0000000000
51771  -40.482  -69.557  5.826 0.0000000000
51772  -40.144  -69.195  5.411 0.0000000000
51773  -40.010  -69.641  5.039 0.0000000000
51774  -40.015  -68.800  4.976 0.0000000000
51775  -41.402  -65.409  2.228 0.0000000000
51776  -40.764  -66.095  2.277 0.0000000000
51778  -40.896  -65.987  1.363 0.0000000000
51779  -41.571  -65.322  1.362 0.0000000000
53161  -44.139  -79.525  -4.759 0.0000000000
53162  -43.948  -80.296  -4.893 0.0000000000
53163  -44.042  -80.128  -5.331 0.0000000000
53190  -44.189  -74.870  -10.001 0.0000000000
53192  -44.100  -76.209  -10.530 0.0000000000
53193  -43.871  -75.895  -10.831 0.0000000000
55958  -40.655  -72.308  -1.580 0.0000000000
55959  -41.004  -72.993  -2.009 0.0000000000
55960  -40.849  -72.157  -2.053 0.0000000000
55961  -41.201  -70.913  -3.061 0.0000000000
55962  -41.279  -71.830  -3.019 0.0000000000
55963  -41.514  -71.661  -3.477 0.0000000000
55964  -41.918  -72.339  -3.889 0.0000000000
55965  -41.792  -71.465  -3.918 0.0000000000
61355  -40.137  -73.434  2.931 0.0000000000
61356  -40.123  -73.067  3.388 0.0000000000
61371  -40.991  -66.326  5.531 0.0000000000
61372  -41.120  -65.972  5.093 0.0000000000
61373  -40.823  -66.334  4.767 0.0000000000
61374  -41.344  -65.633  4.647 0.0000000000
61378  -41.991  -64.887  2.967 0.0000000000
62760  -41.901  -83.267  -4.494 0.0000000000
62761  -44.558  -78.797  -6.400 0.0000000000
62762  -44.387  -79.585  -6.546 0.0000000000
62763  -44.508  -79.400  -6.927 0.0000000000
62764  -44.304  -80.384  -8.474 0.0000000000
62765  -44.184  -80.620  -8.105 0.0000000000
62766  -43.853  -81.208  -8.714 0.0000000000
62768  -43.393  -81.777  -9.291 0.0000000000
62769  -42.868  -82.335  -9.909 0.0000000000
62771  -43.935  -80.098  -9.989 0.0000000000
62772  -43.499  -80.910  -10.320 0.0000000000
62773  -43.464  -80.625  -10.600 0.0000000000
62774  -42.891  -81.170  -11.199 0.0000000000
62775  -43.379  -80.373  -10.814 0.0000000000
69953  -42.978  -78.208  -1.454 0.0000000000
69954  -43.272  -78.853  -1.925 0.0000000000
69959  -43.847  -78.290  -3.701 0.0000000000
69960  -43.675  -77.560  -3.665 0.0000000000
69961  -41.941  -74.246  -2.850 0.0000000000
69962  -42.246  -74.989  -2.823 0.0000000000
69963  -42.449  -74.844  -3.255 0.0000000000
69965  -43.434  -75.979  -4.069 0.0000000000
69966  -43.853  -76.512  -4.513 0.0000000000
69967  -44.035  -77.237  -4.513 0.0000000000
69968  -44.209  -77.040  -4.939 0.0000000000
69969  -44.470  -77.612  -5.392 0.0000000000
69971  -44.616  -75.782  -6.163 0.0000000000
69972  -44.737  -76.507  -6.143 0.0000000000
69973  -44.865  -76.285  -6.513 0.0000000000
69974  -44.984  -76.849  -6.932 0.0000000000
69975  -44.934  -76.082  -6.892 0.0000000000
86132  -41.800  -76.878  0.311 0.0000000000
86133  -42.121  -77.201  -0.104 0.0000000000
86134  -41.780  -76.518  -0.112 0.0000000000
86135  -41.740  -76.145  -0.573 0.0000000000
86136  -41.440  -75.835  -0.141 0.0000000000
86137  -41.061  -75.519  2.050 0.0000000000
86138  -41.199  -75.880  1.630 0.0000000000
86139  -40.817  -75.210  1.633 0.0000000000
86140  -40.200  -73.740  0.749 0.0000000000
86141  -40.504  -74.478  0.756 0.0000000000
86142  -40.420  -74.080  0.331 0.0000000000
86143  -40.711  -74.401  -0.127 0.0000000000
86144  -40.409  -73.656  -0.142 0.0000000000
86145  -40.458  -73.208  -0.627 0.0000000000
86146  -40.177  -72.854  -0.183 0.0000000000
86147  -39.773  -70.770  0.167 0.0000000000
86148  -39.945  -71.140  -0.264 0.0000000000
86149  -39.931  -70.247  -0.299 0.0000000000
86150  -40.100  -69.760  -0.775 0.0000000000
86151  -39.992  -69.332  -0.345 0.0000000000
86199  -40.643  -72.103  5.116 0.0000000000
86200  -39.773  -70.609  4.225 0.0000000000
86201  -39.960  -71.452  4.257 0.0000000000
86202  -39.723  -71.027  3.791 0.0000000000
86203  -39.668  -71.460  3.351 0.0000000000
86204  -39.545  -70.601  3.328 0.0000000000
86205  -40.286  -67.058  4.086 0.0000000000
86206  -39.960  -67.917  4.139 0.0000000000
86207  -40.071  -67.469  3.687 0.0000000000
86208  -39.815  -67.763  2.298 0.0000000000
86209  -39.712  -68.257  2.790 0.0000000000
86210  -39.594  -68.653  2.327 0.0000000000
86211  -39.469  -69.589  2.362 0.0000000000
86212  -39.543  -69.059  1.905 0.0000000000
86213  -39.517  -69.491  1.477 0.0000000000
86214  -39.685  -68.524  1.437 0.0000000000
86215  -40.577  -66.618  0.441 0.0000000000
86216  -40.155  -67.505  0.455 0.0000000000
86217  -40.495  -66.994  -0.005 0.0000000000
86218  -40.419  -67.371  -0.465 0.0000000000
90361  -43.751  -80.120  -2.968 0.0000000000
90362  -43.587  -80.828  -3.125 0.0000000000
90363  -43.659  -80.721  -3.559 0.0000000000
90364  -43.155  -81.755  -5.206 0.0000000000
90365  -43.093  -81.884  -4.741 0.0000000000
90366  -42.666  -82.428  -5.303 0.0000000000
90367  -42.071  -83.069  -5.430 0.0000000000
90368  -42.178  -82.991  -5.902 0.0000000000
90369  -43.702  -81.145  -6.927 0.0000000000
90370  -43.541  -81.301  -6.514 0.0000000000
90371  -43.191  -81.956  -7.098 0.0000000000
90372  -41.417  -83.939  -7.885 0.0000000000
90373  -41.963  -83.372  -7.335 0.0000000000
90422  -44.015  -73.361  -6.372 0.0000000000
90423  -44.163  -73.018  -6.722 0.0000000000
90426  -44.837  -74.584  -7.667 0.0000000000
90427  -44.982  -75.441  -7.639 0.0000000000
90428  -44.931  -75.106  -8.014 0.0000000000
90447  -44.656  -75.551  -9.420 0.0000000000
90448  -44.736  -75.018  -9.048 0.0000000000
90449  -44.823  -75.869  -9.109 0.0000000000
90450  -44.937  -76.197  -8.783 0.0000000000
90451  -44.815  -76.718  -9.186 0.0000000000
90452  -44.747  -77.555  -9.286 0.0000000000
90453  -44.643  -77.210  -9.592 0.0000000000
90454  -43.837  -77.956  -10.786 0.0000000000
90455  -43.978  -78.314  -10.503 0.0000000000
90456  -43.511  -78.797  -10.991 0.0000000000
93479  -40.465  -70.587  -1.665 0.0000000000
93480  -40.749  -71.277  -2.108 0.0000000000
93481  -40.716  -70.380  -2.151 0.0000000000
93482  -40.970  -70.180  -2.619 0.0000000000
93483  -41.232  -70.010  -3.072 0.0000000000
96728  -41.961  -64.997  4.497 0.0000000000
96729  -42.659  -64.426  4.302 0.0000000000
97560  -42.928  -82.166  -3.377 0.0000000000
97561  -44.859  -78.403  -7.152 0.0000000000
97562  -44.674  -79.201  -7.319 0.0000000000
97563  -44.741  -78.988  -7.665 0.0000000000
97564  -44.595  -79.555  -8.224 0.0000000000
97565  -44.308  -80.144  -8.815 0.0000000000
97566  -43.938  -80.697  -9.401 0.0000000000
97567  -44.322  -79.860  -9.115 0.0000000000
97568  -44.333  -79.549  -9.401 0.0000000000
97569  -44.281  -79.278  -9.704 0.0000000000
101876  -42.395  -76.771  -1.460 0.0000000000
101878  -42.507  -76.636  -1.893 0.0000000000
101879  -42.641  -76.518  -2.320 0.0000000000
101880  -42.788  -76.397  -2.771 0.0000000000
101881  -42.356  -73.964  -3.756 0.0000000000
101882  -42.666  -74.698  -3.698 0.0000000000
101883  -42.877  -74.565  -4.155 0.0000000000
101884  -43.388  -75.143  -4.564 0.0000000000
101885  -43.858  -75.656  -4.970 0.0000000000
101886  -44.277  -76.164  -5.367 0.0000000000
101887  -44.088  -75.479  -5.406 0.0000000000
101888  -44.255  -75.260  -5.798 0.0000000000
101889  -44.404  -75.001  -6.189 0.0000000000
111584  -41.956  -77.205  0.735 0.0000000000
111585  -41.574  -76.560  0.741 0.0000000000
111586  -40.289  -74.144  2.031 0.0000000000
111587  -40.442  -74.505  1.607 0.0000000000
111588  -40.112  -73.777  1.602 0.0000000000
111589  -39.988  -73.370  1.173 0.0000000000
111590  -39.956  -72.954  0.719 0.0000000000
111591  -39.956  -72.493  0.237 0.0000000000
111592  -39.777  -72.132  0.674 0.0000000000
111593  -39.682  -71.251  0.625 0.0000000000
111594  -39.649  -70.352  0.598 0.0000000000
111621  -40.646  -70.353  5.852 0.0000000000
111622  -40.484  -70.825  5.488 0.0000000000
111623  -40.355  -71.334  5.095 0.0000000000
111624  -40.134  -70.479  5.088 0.0000000000
111625  -39.866  -70.115  4.650 0.0000000000
111626  -39.718  -69.739  4.197 0.0000000000
111627  -40.741  -66.230  3.147 0.0000000000
111628  -40.204  -67.000  3.190 0.0000000000
111629  -40.456  -66.551  2.731 0.0000000000
111630  -40.216  -66.893  2.284 0.0000000000
111631  -40.074  -67.241  1.815 0.0000000000
111632  -39.937  -67.598  1.385 0.0000000000
111633  -40.360  -66.753  1.344 0.0000000000
111634  -40.725  -66.298  0.899 0.0000000000
111635  -41.153  -65.841  0.459 0.0000000000
114121  -43.935  -79.837  -3.855 0.0000000000
114122  -43.747  -80.603  -4.000 0.0000000000
114123  -43.852  -80.439  -4.437 0.0000000000
114124  -43.615  -81.044  -5.049 0.0000000000
114125  -43.214  -81.638  -5.691 0.0000000000
114127  -42.796  -82.548  -7.677 0.0000000000
114170  -43.924  -73.202  -9.802 0.0000000000
114171  -44.164  -73.512  -9.524 0.0000000000
114172  -44.387  -73.818  -9.259 0.0000000000
114173  -44.313  -74.369  -9.612 0.0000000000
114174  -44.431  -75.228  -9.710 0.0000000000
114175  -44.485  -76.041  -9.817 0.0000000000
114176  -44.475  -76.866  -9.914 0.0000000000
114178  -44.038  -77.043  -10.595 0.0000000000
114179  -43.635  -77.588  -11.055 0.0000000000
118277  -41.090  -73.954  -1.539 0.0000000000
118278  -41.537  -74.546  -1.963 0.0000000000
118279  -41.262  -73.787  -2.018 0.0000000000
118280  -41.456  -73.640  -2.440 0.0000000000
118281  -41.656  -73.482  -2.893 0.0000000000
118282  -41.061  -71.974  -2.527 0.0000000000
118283  -41.432  -72.698  -2.946 0.0000000000
118284  -41.865  -73.325  -3.364 0.0000000000
118285  -42.103  -73.177  -3.827 0.0000000000
118286  -42.366  -72.990  -4.293 0.0000000000
118287  -42.635  -72.785  -4.748 0.0000000000
125826  -41.837  -76.807  1.986 0.0000000000
125829  -40.946  -75.165  2.478 0.0000000000
125831  -40.875  -74.785  2.936 0.0000000000
125832  -40.537  -74.470  2.487 0.0000000000
125833  -40.194  -73.785  2.478 0.0000000000
125834  -39.905  -73.076  2.462 0.0000000000
125835  -39.665  -72.313  2.424 0.0000000000
125856  -40.644  -67.080  5.622 0.0000000000
125857  -40.401  -67.524  5.276 0.0000000000
125858  -40.154  -67.924  4.913 0.0000000000
125859  -40.426  -67.102  4.868 0.0000000000
125860  -40.549  -66.698  4.432 0.0000000000
125861  -40.746  -66.303  3.976 0.0000000000
125862  -41.577  -65.277  4.204 0.0000000000
125863  -41.291  -65.591  3.872 0.0000000000
125864  -41.011  -65.908  3.529 0.0000000000
125865  -41.327  -65.517  3.066 0.0000000000
125866  -41.685  -65.140  2.612 0.0000000000
125867  -42.130  -64.819  2.173 0.0000000000
127801  -44.351  -79.150  -5.618 0.0000000000
127802  -44.139  -79.945  -5.766 0.0000000000
127803  -44.272  -79.764  -6.163 0.0000000000
127804  -44.125  -80.347  -6.743 0.0000000000
127805  -43.877  -80.992  -7.339 0.0000000000
127808  -43.562  -81.606  -7.932 0.0000000000
127810  -42.646  -82.804  -9.100 0.0000000000
127816  -43.502  -81.202  -10.002 0.0000000000
127817  -42.958  -81.762  -10.620 0.0000000000
127818  -42.403  -82.266  -11.266 0.0000000000
127819  -42.351  -81.970  -11.556 0.0000000000
127820  -42.260  -81.662  -11.791 0.0000000000
136991  -43.442  -79.633  -1.581 0.0000000000
136992  -43.584  -80.292  -2.121 0.0000000000
136993  -43.463  -79.577  -2.003 0.0000000000
136994  -43.570  -79.465  -2.420 0.0000000000
136995  -43.711  -79.326  -2.842 0.0000000000
136997  -43.554  -78.589  -2.799 0.0000000000
136998  -43.804  -79.193  -3.279 0.0000000000
136999  -43.992  -79.058  -3.730 0.0000000000
137000  -44.128  -78.902  -4.190 0.0000000000
137001  -44.208  -78.737  -4.649 0.0000000000
137002  -42.031  -75.123  -2.376 0.0000000000
137003  -42.537  -75.707  -2.802 0.0000000000
137005  -42.949  -75.423  -3.635 0.0000000000
137006  -43.219  -76.147  -3.645 0.0000000000
137008  -43.861  -77.411  -4.091 0.0000000000
137009  -44.185  -77.969  -4.567 0.0000000000
137010  -44.334  -78.548  -5.089 0.0000000000
137011  -44.449  -78.374  -5.497 0.0000000000
137012  -44.567  -78.202  -5.897 0.0000000000
137013  -44.663  -78.036  -6.282 0.0000000000
137014  -44.562  -76.697  -5.741 0.0000000000
137015  -44.718  -77.278  -6.187 0.0000000000
137016  -44.808  -77.840  -6.655 0.0000000000
137017  -44.942  -77.619  -7.023 0.0000000000
137018  -45.051  -77.392  -7.396 0.0000000000
137019  -45.101  -77.120  -7.725 0.0000000000
156606  -43.309  -79.215  -1.085 0.0000000000
156607  -43.035  -78.549  -1.031 0.0000000000
156608  -42.704  -77.856  -1.002 0.0000000000
156609  -42.485  -77.853  -0.128 0.0000000000
156610  -42.402  -77.530  -0.522 0.0000000000
156611  -42.394  -77.151  -1.000 0.0000000000
156612  -42.080  -76.450  -1.011 0.0000000000
156613  -41.673  -75.760  -1.037 0.0000000000
156614  -41.379  -75.078  -1.042 0.0000000000
156615  -41.580  -76.552  1.630 0.0000000000
156616  -41.374  -76.227  1.181 0.0000000000
156617  -41.233  -75.873  0.745 0.0000000000
156618  -40.618  -74.872  1.188 0.0000000000
156619  -40.860  -75.192  0.754 0.0000000000
156620  -41.132  -75.503  0.305 0.0000000000
156621  -41.064  -75.117  -0.150 0.0000000000
156622  -41.045  -74.734  -0.597 0.0000000000
156623  -41.054  -74.362  -1.053 0.0000000000
156624  -40.764  -73.583  -1.078 0.0000000000
156625  -40.542  -72.760  -1.091 0.0000000000
156626  -40.381  -71.886  -1.154 0.0000000000
156627  -40.031  -72.004  -0.248 0.0000000000
156628  -40.149  -71.516  -0.712 0.0000000000
156629  -40.265  -71.061  -1.180 0.0000000000
156630  -40.259  -70.170  -1.210 0.0000000000
156631  -40.339  -69.238  -1.242 0.0000000000
156690  -40.267  -71.816  4.706 0.0000000000
156691  -40.209  -72.254  4.287 0.0000000000
156692  -40.170  -72.670  3.844 0.0000000000
156693  -39.861  -72.307  3.361 0.0000000000
156694  -39.633  -71.901  2.894 0.0000000000
156695  -39.483  -71.443  2.413 0.0000000000
156696  -39.951  -68.364  4.557 0.0000000000
156697  -39.782  -68.837  4.174 0.0000000000
156698  -39.622  -69.276  3.766 0.0000000000
156699  -39.878  -67.847  3.246 0.0000000000
156700  -39.629  -68.769  3.288 0.0000000000
156701  -39.523  -69.696  3.309 0.0000000000
156702  -39.436  -70.126  2.854 0.0000000000
156703  -39.427  -70.533  2.393 0.0000000000
156704  -39.436  -70.949  1.942 0.0000000000
156705  -39.463  -70.446  1.494 0.0000000000
156706  -39.537  -69.931  1.041 0.0000000000
156707  -39.703  -69.392  0.565 0.0000000000
156708  -39.878  -67.997  0.959 0.0000000000
156709  -39.874  -68.415  0.500 0.0000000000
156710  -39.908  -68.849  0.075 0.0000000000
156711  -40.140  -68.354  -0.392 0.0000000000
156712  -40.440  -67.848  -0.873 0.0000000000
161683  -43.542  -80.957  -2.698 0.0000000000
161684  -43.315  -81.521  -3.256 0.0000000000
161685  -42.955  -82.100  -3.819 0.0000000000
161686  -43.436  -81.331  -4.153 0.0000000000
161687  -43.023  -82.023  -4.289 0.0000000000
161688  -42.481  -82.701  -4.394 0.0000000000
161689  -41.965  -83.194  -4.961 0.0000000000
161692  -43.823  -80.722  -5.927 0.0000000000
161693  -43.386  -81.456  -6.101 0.0000000000
161694  -42.876  -82.173  -6.239 0.0000000000
161695  -42.618  -82.678  -7.230 0.0000000000
161696  -42.451  -82.758  -6.783 0.0000000000
161697  -42.304  -82.886  -6.355 0.0000000000
161738  -41.379  -69.080  -3.059 0.0000000000
161743  -42.107  -71.205  -4.361 0.0000000000
161744  -42.501  -71.864  -4.789 0.0000000000
161745  -42.906  -72.535  -5.197 0.0000000000
161754  -43.347  -73.142  -5.577 0.0000000000
161755  -43.821  -73.682  -5.974 0.0000000000
161756  -44.220  -74.202  -6.302 0.0000000000
161757  -44.531  -74.684  -6.579 0.0000000000
161758  -44.474  -73.511  -7.019 0.0000000000
161759  -44.659  -74.358  -6.975 0.0000000000
161760  -44.794  -75.256  -6.934 0.0000000000
161761  -44.970  -75.790  -7.274 0.0000000000
161762  -45.097  -76.296  -7.661 0.0000000000
161763  -45.099  -76.814  -8.077 0.0000000000
161785  -44.589  -74.132  -9.007 0.0000000000
161786  -44.752  -74.474  -8.717 0.0000000000
161787  -44.856  -74.791  -8.377 0.0000000000
161788  -44.998  -75.670  -8.377 0.0000000000
161789  -45.041  -76.494  -8.454 0.0000000000
161790  -44.983  -77.310  -8.499 0.0000000000
161791  -44.821  -77.867  -8.965 0.0000000000
161792  -44.571  -78.420  -9.462 0.0000000000
161793  -44.198  -78.969  -9.993 0.0000000000
161795  -44.091  -78.640  -10.263 0.0000000000
161796  -43.812  -79.499  -10.544 0.0000000000
161797  -43.266  -80.031  -11.048 0.0000000000
