#!ascii label  , from subject fsaverage_sym vox2ras=TkReg
1199
128596  -21.549  -25.990  -19.300 0.4285714328
97904  -21.631  -24.977  -20.233 0.2857142985
63328  -21.619  -25.331  -19.894 0.4285714328
13432  -21.553  -24.656  -20.626 0.4285714328
44154  -21.456  -24.024  -21.393 0.4285714328
97907  -21.384  -24.201  -21.163 0.2857142985
13434  -21.405  -23.935  -21.435 0.4285714328
97911  -21.192  -23.395  -22.144 0.4285714328
128615  -21.315  -23.195  -22.218 0.4285714328
63343  -21.216  -22.972  -22.520 0.4285714328
128617  -21.469  -22.588  -22.835 0.4285714328
23022  -21.392  -22.138  -23.440 0.4285714328
23023  -21.575  -21.758  -23.453 0.5714285970
115168  -21.471  -21.928  -23.472 0.5714285970
53743  -21.371  -21.873  -23.708 0.4285714328
53745  -21.298  -21.568  -24.016 0.2857142985
115170  -21.240  -21.351  -24.095 0.7142857313
115172  -21.222  -21.350  -24.218 0.7142857313
92114  -21.061  -20.835  -25.028 0.7142857313
92116  -21.049  -20.852  -25.185 0.4285714328
23025  -21.087  -21.102  -24.578 0.7142857313
92112  -21.053  -21.065  -24.728 0.5714285970
163788  -21.027  -20.231  -25.502 0.5714285970
40943  -21.050  -20.457  -25.061 0.5714285970
163787  -20.979  -20.187  -25.352 0.5714285970
136733  -21.109  -20.008  -25.811 0.5714285970
606  -21.216  -20.055  -26.023 0.5714285970
163786  -21.003  -20.192  -25.230 0.5714285970
43889  -21.376  -20.145  -26.248 0.4285714328
43886  -21.015  -19.448  -26.279 0.5714285970
97429  -21.159  -19.200  -26.815 0.5714285970
136731  -20.892  -19.376  -25.888 0.7142857313
97428  -21.101  -19.175  -26.676 0.7142857313
62538  -21.032  -18.876  -26.901 0.7142857313
5487  -21.212  -18.907  -27.123 0.5714285970
13165  -20.925  -19.400  -26.051 0.5714285970
69746  -20.925  -19.381  -25.686 0.5714285970
97426  -20.832  -18.762  -26.520 0.8571428657
62540  -20.965  -18.447  -27.033 0.7142857313
62542  -21.342  -18.550  -27.458 0.5714285970
5485  -20.805  -18.748  -26.352 0.7142857313
136727  -20.823  -18.738  -26.199 0.5714285970
127493  -21.067  -17.606  -27.480 0.7142857313
28309  -21.524  -18.052  -27.806 0.5714285970
127490  -20.793  -18.396  -26.669 0.7142857313
28308  -20.922  -18.079  -27.265 0.7142857313
22218  -21.095  -17.254  -27.971 0.5714285970
127491  -20.809  -18.104  -27.037 0.7142857313
52938  -21.433  -17.253  -28.318 0.5714285970
28307  -20.639  -18.064  -26.731 0.5714285970
127489  -20.809  -17.672  -27.062 0.7142857313
113720  -21.002  -17.227  -27.646 0.7142857313
113723  -21.092  -16.359  -28.431 0.7142857313
52939  -21.315  -16.843  -28.449 0.7142857313
89695  -20.710  -16.846  -27.404 0.7142857313
113721  -20.767  -16.741  -27.645 0.7142857313
22219  -20.835  -16.362  -28.114 0.7142857313
9913  -21.014  -15.607  -29.046 0.7142857313
113724  -21.191  -16.039  -28.992 0.5714285970
160884  -20.625  -16.381  -27.710 0.7142857313
28306  -20.744  -17.297  -26.935 0.5714285970
89702  -21.367  -15.203  -29.521 0.5714285970
39978  -21.713  -14.791  -30.032 0.5714285970
160885  -20.526  -16.038  -27.863 0.8571428657
39975  -20.500  -16.426  -27.464 0.8571428657
89701  -21.155  -14.807  -29.560 0.7142857313
39977  -20.657  -14.790  -29.092 0.7142857313
39976  -20.614  -15.617  -28.214 0.8571428657
89699  -20.599  -15.333  -28.669 0.7142857313
52932  -20.629  -13.587  -29.624 0.8571428657
22214  -21.339  -13.985  -30.102 0.5714285970
160889  -20.505  -14.381  -29.110 0.8571428657
160880  -20.257  -14.513  -28.735 0.8571428657
160887  -20.550  -15.350  -28.280 0.8571428657
160888  -20.479  -14.895  -28.667 0.8571428657
113708  -20.360  -12.882  -29.735 0.8571428657
22211  -20.664  -12.504  -30.194 0.8571428657
39966  -20.488  -11.927  -30.308 0.8571428657
2451  -20.395  -14.043  -29.157 0.8571428657
113707  -20.284  -12.602  -29.794 0.8571428657
89670  -19.984  -12.255  -29.606 1.0000000000
89672  -20.199  -12.268  -29.834 1.0000000000
22210  -20.217  -13.409  -29.296 0.8571428657
89671  -20.148  -11.907  -29.936 1.0000000000
5483  -19.992  -12.646  -29.439 1.0000000000
52929  -20.193  -11.242  -30.218 1.0000000000
22205  -20.184  -10.732  -30.343 0.7142857313
160854  -20.162  -11.574  -30.082 1.0000000000
127475  -20.003  -11.615  -29.885 1.0000000000
52927  -20.233  -11.004  -30.310 1.0000000000
160837  -20.771  -8.893  -31.493 1.0000000000
160836  -20.714  -8.517  -31.537 0.8571428657
22182  -21.129  -7.461  -31.964 0.8571428657
52903  -20.988  -7.904  -31.862 1.0000000000
160751  -22.167  -5.194  -32.108 0.8571428657
89584  -21.680  -6.147  -32.162 0.8571428657
89583  -21.440  -6.751  -32.106 1.0000000000
89576  -22.570  -4.094  -31.957 0.8571428657
89577  -22.441  -4.417  -32.039 0.8571428657
160740  -22.712  -3.708  -31.843 0.7142857313
113649  -22.820  -3.399  -31.494 0.5714285970
89572  -23.025  -2.915  -31.430 0.7142857313
89573  -23.003  -2.854  -31.644 0.5714285970
160732  -23.674  -2.161  -30.563 0.5714285970
89568  -23.153  -2.716  -31.047 0.5714285970
160730  -23.893  -1.877  -30.280 0.4285714328
89547  -23.940  -1.819  -30.308 0.4285714328
89548  -23.717  -1.768  -30.631 0.4285714328
113629  -25.020  -1.121  -29.189 0.2857142985
89538  -25.288  -0.988  -28.921 0.2857142985
113631  -24.750  -1.262  -29.451 0.2857142985
89539  -25.579  -0.839  -28.646 0.2857142985
97906  -21.601  -24.625  -20.622 0.2857142985
43885  -21.084  -19.782  -26.120 0.5714285970
62541  -21.154  -18.141  -27.512 0.5714285970
160891  -21.483  -14.317  -30.037 0.5714285970
89698  -20.712  -15.715  -28.665 0.7142857313
89700  -20.857  -15.203  -29.040 0.7142857313
52934  -20.808  -13.984  -29.608 0.8571428657
22212  -20.934  -13.143  -30.126 0.8571428657
113709  -20.791  -12.823  -30.164 0.8571428657
160857  -20.567  -12.243  -30.251 0.8571428657
113699  -20.366  -10.431  -30.665 0.8571428657
113623  -26.707  -0.519  -27.699 0.1428571492
97905  -21.611  -24.871  -20.373 0.2857142985
63335  -21.402  -24.186  -21.173 0.2857142985
97908  -21.302  -23.846  -21.570 0.2857142985
13435  -21.209  -23.336  -22.171 0.4285714328
63345  -21.127  -22.565  -23.035 0.4285714328
63341  -21.569  -23.455  -21.861 0.2857142985
115166  -21.484  -22.283  -23.210 0.4285714328
97909  -21.330  -23.591  -21.830 0.4285714328
128619  -21.126  -22.362  -23.362 0.4285714328
5755  -21.592  -22.457  -22.917 0.5714285970
115169  -21.451  -21.645  -23.690 0.5714285970
115173  -21.232  -21.358  -24.344 0.4285714328
10235  -21.245  -21.227  -24.252 0.2857142985
115171  -21.145  -21.136  -24.444 0.7142857313
92113  -21.094  -20.814  -24.872 0.7142857313
92115  -21.065  -20.488  -25.216 0.4285714328
163785  -21.032  -20.214  -25.122 0.5714285970
97432  -21.505  -19.987  -26.691 0.4285714328
69749  -21.012  -19.986  -25.395 0.7142857313
69748  -20.957  -19.722  -25.677 0.7142857313
43887  -21.183  -19.829  -26.315 0.7142857313
13167  -21.139  -19.515  -26.455 0.5714285970
97431  -21.296  -19.590  -26.629 0.4285714328
13166  -20.916  -18.797  -26.691 0.7142857313
62539  -20.849  -18.402  -26.855 0.7142857313
136729  -20.831  -19.102  -25.838 0.5714285970
136730  -20.829  -19.066  -25.951 0.5714285970
52940  -21.685  -16.903  -28.847 0.5714285970
62535  -20.746  -18.445  -26.449 0.5714285970
127495  -21.631  -17.781  -28.345 0.5714285970
5486  -20.844  -17.273  -27.330 0.7142857313
127492  -20.846  -17.593  -27.199 0.7142857313
22220  -21.472  -16.552  -28.971 0.5714285970
127488  -20.719  -17.779  -26.977 0.8571428657
89697  -20.702  -15.976  -28.103 0.7142857313
52933  -21.134  -13.553  -30.122 0.5714285970
127484  -20.152  -14.182  -28.844 1.0000000000
160855  -20.420  -11.629  -30.354 1.0000000000
127478  -19.853  -12.629  -29.231 1.0000000000
52925  -20.095  -11.062  -30.148 0.8571428657
9907  -20.419  -9.829  -30.922 0.7142857313
113698  -20.456  -10.119  -30.875 1.0000000000
22206  -20.530  -10.040  -30.966 1.0000000000
89656  -20.647  -9.134  -31.357 0.7142857313
160839  -20.552  -9.747  -31.063 1.0000000000
89655  -20.522  -9.329  -31.178 0.7142857313
22184  -20.883  -8.388  -31.694 0.8571428657
160750  -21.920  -5.549  -32.120 0.8571428657
113656  -21.334  -7.092  -32.072 1.0000000000
113658  -21.238  -7.452  -32.034 1.0000000000
22178  -22.690  -3.668  -31.715 0.7142857313
9893  -23.856  -1.972  -30.309 0.7142857313
113647  -22.966  -3.047  -31.299 0.5714285970
89570  -23.206  -2.690  -31.044 0.7142857313
89571  -23.197  -2.572  -31.174 0.7142857313
39924  -23.820  -1.892  -30.346 0.4285714328
113630  -24.745  -1.284  -29.398 0.2857142985
89546  -24.186  -1.614  -29.992 0.4285714328
160735  -23.312  -2.316  -31.237 0.4285714328
39916  -23.879  -1.529  -30.333 0.4285714328
89540  -25.339  -0.895  -28.781 0.2857142985
160704  -24.413  -1.383  -29.671 0.4285714328
40942  -21.130  -20.523  -24.763 0.4285714328
163782  -21.071  -20.265  -24.978 0.4285714328
89545  -24.155  -1.745  -30.050 0.4285714328
160733  -23.579  -2.167  -30.553 0.7142857313
22168  -24.452  -1.513  -29.736 0.2857142985
9892  -25.044  -1.084  -29.088 0.2857142985
63329  -21.599  -25.673  -19.614 0.4285714328
97903  -21.557  -24.966  -20.331 0.4285714328
5752  -21.645  -25.186  -20.029 0.2857142985
63330  -21.647  -25.460  -19.716 0.2857142985
44152  -21.486  -24.316  -21.083 0.4285714328
44153  -21.500  -24.323  -21.019 0.4285714328
13433  -21.409  -24.512  -20.852 0.2857142985
97910  -21.211  -23.602  -21.900 0.4285714328
28790  -21.575  -23.146  -22.156 0.2857142985
128616  -21.489  -22.894  -22.540 0.4285714328
28791  -21.208  -22.699  -22.865 0.4285714328
128618  -21.359  -22.423  -23.126 0.4285714328
128614  -21.600  -22.847  -22.484 0.4285714328
115167  -21.587  -22.091  -23.185 0.4285714328
92105  -21.339  -21.487  -23.855 0.2857142985
23024  -21.371  -21.608  -23.873 0.4285714328
163783  -21.128  -20.812  -24.702 0.5714285970
163784  -21.071  -20.457  -24.922 0.5714285970
31781  -21.041  -19.995  -25.571 0.5714285970
136732  -21.011  -19.747  -25.925 0.5714285970
43888  -21.309  -19.894  -26.498 0.4285714328
97427  -20.990  -19.127  -26.428 0.7142857313
97430  -21.281  -19.218  -26.932 0.5714285970
31780  -20.904  -19.370  -25.779 0.7142857313
97425  -20.866  -19.068  -26.145 0.7142857313
69747  -20.949  -19.713  -25.570 0.7142857313
62537  -20.779  -18.439  -26.582 0.5714285970
127494  -21.510  -17.745  -27.970 0.5714285970
113722  -20.947  -16.742  -27.959 0.7142857313
62536  -20.619  -18.033  -26.566 0.7142857313
89693  -20.692  -17.260  -27.058 0.8571428657
89696  -20.880  -16.038  -28.554 0.7142857313
89694  -20.691  -16.879  -27.181 0.8571428657
160890  -20.961  -14.402  -29.604 0.8571428657
52930  -20.305  -13.732  -29.234 0.8571428657
52931  -20.515  -13.292  -29.697 0.8571428657
39974  -20.343  -15.012  -28.298 0.8571428657
113706  -20.092  -13.045  -29.344 1.0000000000
2450  -20.059  -11.336  -30.028 1.0000000000
113697  -20.299  -10.315  -30.618 0.8571428657
9897  -22.373  -4.655  -32.005 0.8571428657
89575  -22.537  -4.174  -31.883 0.8571428657
113648  -22.814  -3.364  -31.534 0.7142857313
89574  -22.870  -3.295  -31.661 0.7142857313
9896  -22.974  -3.059  -31.313 0.5714285970
39925  -23.377  -2.396  -30.797 0.5714285970
89569  -23.394  -2.403  -30.780 0.5714285970
160729  -24.137  -1.677  -30.086 0.4285714328
113633  -24.149  -1.634  -29.992 0.4285714328
89549  -23.670  -2.036  -30.622 0.4285714328
22166  -25.545  -0.968  -28.823 0.2857142985
113632  -24.470  -1.408  -29.691 0.2857142985
160696  -25.847  -0.741  -28.408 0.2857142985
113624  -26.419  -0.556  -27.905 0.1428571492
5754  -21.434  -23.881  -21.488 0.2857142985
92111  -21.188  -20.858  -24.535 0.2857142985
89657  -20.567  -9.649  -31.150 1.0000000000
160734  -23.381  -2.284  -30.920 0.5714285970
13971  -24.245  -0.378  -30.953 0.2857142985
13970  -24.530  -0.165  -30.458 0.1428571492
6079  -24.015  -0.935  -30.372 0.2857142985
64954  -24.095  -0.532  -31.229 0.2857142985
44691  -24.440  -0.450  -30.175 0.1428571492
44689  -24.724  -0.071  -30.216 0.1428571492
89543  -24.536  -0.987  -29.461 0.1428571492
160703  -24.246  -0.999  -29.946 0.2857142985
160701  -24.585  -0.754  -29.485 0.1428571492
130661  -23.800  -0.875  -31.777 0.2857142985
64955  -23.923  -0.835  -30.918 0.2857142985
120791  -23.884  -1.702  -33.657 0.2857142985
11570  -23.561  -1.464  -32.603 0.2857142985
44688  -24.833  -0.323  -29.695 0.1428571492
160707  -23.813  -1.446  -30.663 0.2857142985
94558  -23.155  -2.534  -32.280 0.2857142985
130662  -23.680  -1.174  -31.434 0.2857142985
64957  -23.845  -1.117  -30.660 0.2857142985
120795  -23.231  -3.182  -33.155 0.1428571492
94557  -23.371  -2.085  -32.560 0.2857142985
42290  -23.496  -1.605  -31.990 0.2857142985
44692  -24.618  -0.602  -29.686 0.1428571492
337  -23.484  -1.700  -31.501 0.2857142985
29545  -23.687  -1.335  -30.967 0.2857142985
105111  -24.498  -3.625  -33.904 0.1428571492
48154  -23.714  -3.465  -33.554 0.1428571492
57755  -23.194  -2.651  -32.954 0.4285714328
160737  -23.236  -2.403  -31.665 0.2857142985
160756  -22.230  -5.768  -32.655 0.2857142985
160744  -22.575  -4.083  -32.515 0.4285714328
160739  -22.946  -2.970  -32.091 0.2857142985
39917  -23.515  -2.033  -30.939 0.2857142985
75352  -22.728  -6.316  -32.822 0.1428571492
48157  -22.758  -4.517  -32.935 0.2857142985
160742  -22.802  -3.339  -32.256 0.4285714328
160753  -22.254  -5.019  -32.360 0.5714285970
39928  -22.594  -3.997  -32.112 0.7142857313
160762  -22.244  -7.220  -32.553 0.1428571492
160760  -22.134  -6.637  -32.610 0.1428571492
89578  -22.460  -4.373  -32.212 0.7142857313
39927  -22.852  -3.206  -31.812 0.4285714328
89588  -22.008  -5.928  -32.398 0.4285714328
160844  -22.438  -7.857  -32.455 0.2857142985
39935  -21.809  -7.857  -32.250 0.7142857313
160752  -22.177  -5.154  -32.182 0.7142857313
113659  -21.110  -7.945  -31.938 0.8571428657
89591  -21.518  -7.411  -32.204 0.8571428657
89587  -21.815  -6.274  -32.284 0.5714285970
160846  -22.610  -8.811  -32.222 0.2857142985
160845  -22.523  -8.305  -32.353 0.2857142985
89589  -21.732  -6.656  -32.304 0.7142857313
39930  -22.033  -4.945  -31.993 0.5714285970
9898  -21.590  -6.682  -32.192 0.8571428657
160847  -22.682  -9.278  -32.089 0.1428571492
160842  -21.360  -8.564  -31.897 0.7142857313
160850  -22.847  -9.584  -32.018 0.1428571492
97421  -19.920  -13.073  -28.577 0.5714285970
127476  -19.870  -11.939  -29.505 0.8571428657
127474  -19.893  -11.688  -29.650 0.8571428657
28300  -19.829  -11.988  -29.312 0.4285714328
52923  -19.955  -11.371  -29.831 0.5714285970
39960  -20.616  -9.418  -31.213 0.8571428657
113701  -20.687  -10.367  -31.059 0.8571428657
160838  -20.856  -8.916  -31.573 0.8571428657
39964  -22.233  -10.095  -31.817 0.2857142985
89660  -20.957  -9.560  -31.498 0.8571428657
160841  -21.065  -8.850  -31.767 0.8571428657
113657  -21.457  -7.135  -32.133 0.8571428657
160852  -23.158  -10.173  -31.893 0.4285714328
89664  -21.357  -9.726  -31.637 0.7142857313
89661  -21.326  -8.989  -31.775 0.7142857313
97422  -20.099  -13.405  -28.325 0.2857142985
28302  -19.801  -12.583  -29.017 0.5714285970
62529  -19.817  -12.636  -28.901 0.5714285970
28301  -19.968  -11.939  -29.726 0.8571428657
22207  -20.491  -10.549  -30.787 0.8571428657
113700  -20.489  -10.330  -30.851 0.8571428657
89658  -20.714  -9.931  -31.193 0.8571428657
89659  -20.737  -9.520  -31.338 0.8571428657
89667  -21.693  -10.559  -31.510 0.4285714328
22208  -21.027  -10.525  -31.237 0.8571428657
9908  -20.895  -9.966  -31.346 0.8571428657
39965  -22.579  -10.685  -31.738 0.4285714328
52936  -20.693  -16.469  -26.952 0.7142857313
113716  -20.265  -15.705  -27.240 0.4285714328
22217  -20.644  -16.537  -27.067 0.7142857313
89690  -20.221  -15.333  -27.791 0.8571428657
160876  -20.111  -14.918  -27.760 0.5714285970
97424  -20.165  -14.181  -27.961 0.5714285970
13164  -20.179  -14.133  -27.901 0.4285714328
160878  -20.240  -14.494  -28.119 0.8571428657
5484  -20.156  -14.165  -28.052 0.5714285970
13163  -19.982  -13.482  -28.399 0.5714285970
127483  -20.009  -13.773  -28.873 0.8571428657
28303  -19.788  -13.388  -28.743 0.7142857313
62531  -19.964  -13.458  -28.489 0.5714285970
89674  -21.034  -12.101  -30.676 0.7142857313
160858  -20.922  -11.806  -30.698 0.7142857313
113705  -20.729  -11.201  -30.766 0.7142857313
113704  -20.684  -10.987  -30.807 0.8571428657
89678  -23.132  -11.724  -31.591 0.2857142985
89676  -22.190  -11.505  -31.476 0.4285714328
160860  -22.010  -11.198  -31.499 0.5714285970
28305  -20.632  -18.017  -26.436 0.4285714328
1348  -20.841  -17.304  -26.680 0.4285714328
22215  -20.705  -16.433  -26.885 0.4285714328
160886  -20.387  -15.622  -27.889 0.7142857313
9912  -20.307  -15.666  -27.682 0.7142857313
89692  -20.413  -15.262  -27.961 0.7142857313
28304  -20.176  -14.228  -28.421 0.8571428657
113710  -21.355  -12.792  -30.645 0.7142857313
89679  -22.572  -12.220  -31.383 0.2857142985
9910  -21.828  -12.364  -31.092 0.5714285970
89673  -21.187  -12.434  -30.669 0.5714285970
136726  -20.756  -18.468  -26.350 0.4285714328
31778  -20.699  -18.039  -26.246 0.5714285970
127486  -20.815  -17.297  -26.811 0.5714285970
52937  -20.774  -16.889  -26.821 0.5714285970
160883  -20.421  -16.107  -27.563 0.7142857313
113714  -21.841  -13.832  -30.522 0.4285714328
22213  -22.182  -13.068  -31.001 0.4285714328
160866  -22.778  -12.585  -31.318 0.4285714328
113711  -22.004  -12.716  -31.047 0.4285714328
69745  -20.963  -19.727  -25.437 0.5714285970
127497  -22.060  -18.259  -28.315 0.4285714328
2452  -21.896  -17.367  -28.773 0.4285714328
89704  -22.733  -15.298  -30.413 0.4285714328
113725  -21.566  -15.624  -29.435 0.4285714328
39979  -23.196  -14.782  -30.748 0.4285714328
160892  -22.155  -14.331  -30.477 0.4285714328
2560  -21.119  -22.093  -23.733 0.1428571492
52941  -21.982  -16.518  -29.377 0.4285714328
113727  -22.391  -16.062  -29.835 0.4285714328
89703  -22.947  -15.699  -30.284 0.4285714328
23026  -21.293  -21.593  -24.204 0.1428571492
163809  -21.289  -21.423  -24.655 0.1428571492
163816  -21.251  -20.384  -25.813 0.2857142985
5488  -22.862  -19.174  -28.427 0.2857142985
160910  -24.506  -18.059  -29.767 0.2857142985
89716  -23.089  -18.376  -28.999 0.2857142985
127500  -21.547  -19.274  -27.167 0.4285714328
113732  -24.157  -17.574  -29.911 0.2857142985
160908  -22.812  -17.920  -29.137 0.2857142985
127498  -22.198  -18.642  -28.118 0.2857142985
113731  -23.914  -17.113  -30.006 0.2857142985
52943  -23.010  -17.059  -29.693 0.4285714328
163807  -21.274  -21.874  -24.047 0.1428571492
163808  -21.313  -21.648  -24.386 0.1428571492
53744  -21.336  -21.864  -23.855 0.1428571492
40952  -21.217  -21.275  -25.207 0.2857142985
92138  -21.250  -21.031  -25.497 0.2857142985
62549  -22.449  -20.698  -27.167 0.2857142985
127503  -22.820  -20.058  -27.843 0.2857142985
28312  -22.264  -19.897  -27.514 0.2857142985
62545  -21.722  -20.088  -26.892 0.2857142985
127502  -22.673  -19.609  -27.970 0.2857142985
40951  -21.321  -21.719  -24.464 0.1428571492
163819  -22.044  -21.531  -25.997 0.2857142985
92136  -21.383  -21.652  -24.874 0.2857142985
40954  -21.749  -21.139  -26.206 0.2857142985
92139  -21.369  -21.156  -25.615 0.2857142985
163812  -21.133  -21.140  -25.043 0.2857142985
163818  -21.699  -20.669  -26.232 0.2857142985
44155  -21.415  -23.722  -21.683 0.2857142985
28792  -21.082  -22.500  -23.175 0.1428571492
63344  -21.149  -22.871  -22.722 0.2857142985
163797  -21.039  -22.319  -23.516 0.1428571492
128595  -21.478  -25.794  -19.572 0.2857142985
28782  -21.496  -26.305  -19.107 0.2857142985
128594  -21.499  -26.321  -19.046 0.2857142985
5756  -21.119  -23.048  -22.587 0.2857142985
97901  -21.385  -25.430  -20.074 0.1428571492
92058  -21.564  -26.752  -18.614 0.2857142985
92059  -21.506  -27.111  -18.266 0.1428571492
163811  -21.375  -21.482  -24.676 0.1428571492
10239  -21.563  -21.584  -25.412 0.2857142985
163821  -21.991  -20.834  -26.467 0.2857142985
113733  -23.238  -19.689  -28.227 0.2857142985
62547  -21.949  -20.167  -27.059 0.2857142985
89717  -23.471  -18.887  -28.976 0.2857142985
62543  -21.733  -18.634  -27.846 0.4285714328
127496  -22.139  -17.843  -28.711 0.4285714328
22224  -23.275  -17.516  -29.580 0.2857142985
22223  -24.437  -16.645  -30.305 0.2857142985
22216  -20.261  -15.749  -27.400 0.7142857313
113728  -23.252  -16.190  -30.198 0.4285714328
62532  -20.011  -13.851  -28.346 0.5714285970
160893  -22.023  -15.292  -29.974 0.4285714328
113713  -21.716  -13.532  -30.596 0.4285714328
89681  -23.027  -13.025  -31.254 0.2857142985
39969  -23.330  -12.087  -31.526 0.2857142985
89677  -22.380  -11.860  -31.427 0.5714285970
113655  -21.323  -6.842  -32.013 0.7142857313
9909  -21.254  -11.078  -31.234 0.7142857313
113660  -20.966  -8.581  -31.728 0.8571428657
113650  -22.637  -3.834  -31.693 0.4285714328
113651  -22.443  -4.308  -31.868 0.5714285970
39931  -21.904  -5.827  -32.173 0.7142857313
160861  -22.741  -10.987  -31.688 0.2857142985
9899  -21.124  -8.464  -31.838 0.8571428657
89585  -21.742  -6.231  -32.204 0.8571428657
39962  -21.893  -8.685  -32.101 0.5714285970
160736  -23.390  -2.132  -31.428 0.2857142985
160757  -22.155  -6.233  -32.630 0.4285714328
160755  -22.340  -5.264  -32.674 0.4285714328
115945  -25.056  -0.443  -29.241 0.1428571492
57756  -23.162  -2.903  -33.091 0.2857142985
48153  -23.245  -3.557  -33.198 0.1428571492
11568  -23.717  -1.065  -32.088 0.2857142985
97902  -21.431  -25.053  -20.385 0.1428571492
28783  -21.623  -25.838  -19.412 0.2857142985
44156  -21.431  -23.873  -21.560 0.1428571492
63346  -21.105  -22.792  -22.891 0.1428571492
63342  -21.132  -23.180  -22.408 0.2857142985
163806  -21.065  -22.179  -23.939 0.1428571492
92134  -21.190  -22.165  -24.458 0.1428571492
23033  -21.372  -22.126  -24.900 0.1428571492
163814  -21.175  -20.607  -25.565 0.2857142985
92140  -21.547  -20.965  -26.021 0.2857142985
5489  -22.066  -20.524  -26.899 0.2857142985
22225  -23.350  -20.050  -28.007 0.2857142985
13169  -21.563  -20.253  -26.466 0.2857142985
113734  -23.671  -19.246  -28.605 0.2857142985
136725  -20.678  -18.034  -26.332 0.5714285970
13168  -21.562  -19.705  -26.920 0.2857142985
62546  -21.807  -19.774  -27.187 0.2857142985
136714  -20.787  -16.805  -26.673 0.2857142985
89710  -24.516  -16.951  -30.195 0.2857142985
160902  -24.945  -16.084  -30.569 0.2857142985
113718  -20.342  -16.100  -27.219 0.7142857313
113719  -20.390  -16.167  -27.398 0.5714285970
89686  -20.055  -14.846  -27.608 0.4285714328
160875  -20.162  -15.346  -27.540 0.5714285970
113729  -24.110  -16.171  -30.438 0.4285714328
97420  -20.087  -12.863  -28.601 0.2857142985
97423  -20.125  -13.751  -28.148 0.5714285970
9914  -23.789  -15.693  -30.557 0.2857142985
113726  -21.759  -16.067  -29.433 0.4285714328
160877  -20.262  -14.593  -27.950 0.7142857313
5482  -19.979  -12.657  -28.807 0.2857142985
89706  -23.959  -14.676  -30.915 0.1428571492
89684  -23.440  -13.821  -31.137 0.4285714328
9911  -22.690  -13.921  -30.923 0.4285714328
89683  -24.004  -13.257  -31.282 0.1428571492
52928  -20.429  -10.885  -30.629 0.8571428657
39970  -23.761  -12.867  -31.373 0.1428571492
89675  -21.649  -11.984  -31.108 0.5714285970
39968  -22.923  -11.326  -31.649 0.2857142985
89669  -21.846  -10.879  -31.504 0.5714285970
160848  -21.435  -10.019  -31.593 0.7142857313
89590  -21.242  -8.006  -31.933 0.8571428657
24358  -23.835  -9.670  -32.063 0.2857142985
55957  -23.676  -9.342  -32.124 0.1428571492
89544  -24.678  -1.140  -29.343 0.2857142985
39963  -21.989  -9.527  -31.864 0.4285714328
160851  -22.996  -9.865  -31.956 0.4285714328
93478  -23.455  -8.368  -32.424 0.1428571492
39934  -21.772  -7.145  -32.355 0.5714285970
10972  -23.298  -7.945  -32.542 0.1428571492
160763  -22.327  -7.486  -32.514 0.1428571492
34183  -22.845  -6.626  -32.814 0.1428571492
160700  -24.834  -0.650  -29.254 0.1428571492
39933  -21.846  -6.483  -32.395 0.5714285970
143617  -22.927  -6.931  -32.779 0.1428571492
7945  -22.664  -5.992  -32.838 0.1428571492
57757  -22.977  -3.083  -32.655 0.2857142985
120796  -22.827  -3.896  -32.860 0.2857142985
17437  -22.713  -4.978  -32.917 0.2857142985
105114  -23.242  -4.836  -33.175 0.1428571492
105113  -23.815  -4.231  -33.536 0.1428571492
17435  -23.737  -3.878  -33.551 0.1428571492
57754  -23.576  -2.130  -33.250 0.2857142985
120792  -23.997  -1.929  -33.769 0.2857142985
120793  -24.112  -2.179  -33.849 0.1428571492
105107  -24.205  -2.468  -33.891 0.1428571492
137734  -21.390  -24.143  -21.445 0.1428571492
163805  -21.041  -22.369  -23.666 0.1428571492
160911  -24.201  -18.895  -29.190 0.2857142985
160864  -23.967  -11.582  -31.663 0.2857142985
17434  -25.036  -2.668  -34.355 0.1428571492
25436  -24.385  -1.480  -34.212 0.2857142985
128597  -21.578  -26.152  -19.111 0.2857142985
13431  -21.556  -25.408  -19.914 0.2857142985
44151  -21.476  -24.670  -20.738 0.1428571492
641  -21.448  -24.202  -21.282 0.1428571492
13436  -21.403  -23.566  -21.919 0.1428571492
97912  -21.263  -23.253  -22.247 0.1428571492
53742  -21.311  -22.070  -23.571 0.1428571492
53746  -21.312  -21.868  -23.986 0.1428571492
10236  -21.078  -21.084  -24.884 0.2857142985
40944  -21.109  -20.535  -25.415 0.4285714328
163813  -21.124  -20.915  -25.340 0.2857142985
115174  -21.282  -21.406  -24.506 0.1428571492
163815  -21.106  -20.292  -25.663 0.2857142985
62544  -21.403  -18.884  -27.281 0.4285714328
160881  -20.745  -16.923  -26.976 0.5714285970
127487  -20.560  -17.758  -26.721 0.4285714328
160894  -22.431  -14.795  -30.431 0.4285714328
160882  -20.493  -16.486  -27.277 0.7142857313
160879  -20.272  -14.612  -28.379 0.7142857313
160856  -20.817  -11.474  -30.740 0.7142857313
127477  -19.874  -12.170  -29.428 0.8571428657
127482  -19.953  -13.424  -28.984 0.8571428657
127481  -19.878  -13.023  -29.082 0.8571428657
22209  -20.389  -11.252  -30.465 0.8571428657
52926  -20.287  -10.709  -30.474 0.8571428657
160748  -22.227  -4.864  -32.019 0.5714285970
89579  -22.321  -4.715  -32.104 0.7142857313
160741  -22.704  -3.623  -31.992 0.5714285970
39926  -23.141  -2.596  -31.491 0.2857142985
160738  -23.109  -2.646  -31.895 0.2857142985
160708  -23.677  -1.645  -30.936 0.2857142985
113712  -21.509  -13.140  -30.628 0.4285714328
128620  -21.052  -22.318  -23.481 0.1428571492
7037  -21.020  -19.989  -25.271 0.5714285970
97433  -21.761  -20.375  -26.656 0.2857142985
52942  -22.227  -17.009  -29.315 0.4285714328
127480  -19.821  -12.965  -28.868 0.5714285970
160840  -20.775  -9.221  -31.440 0.8571428657
22183  -21.352  -7.558  -32.034 0.8571428657
160705  -24.098  -1.306  -30.029 0.2857142985
160709  -23.551  -1.858  -31.198 0.2857142985
160706  -23.990  -1.239  -30.347 0.2857142985
39915  -24.330  -1.116  -29.731 0.2857142985
89691  -20.435  -14.938  -28.026 0.8571428657
64953  -24.084  -0.688  -30.687 0.2857142985
98876  -24.376  -0.267  -30.695 0.1428571492
98877  -24.261  -0.556  -30.423 0.2857142985
44690  -24.622  -0.372  -29.947 0.1428571492
98878  -24.193  -0.798  -30.135 0.2857142985
29544  -23.942  -0.705  -31.509 0.2857142985
13972  -24.383  -0.697  -29.936 0.1428571492
160702  -24.393  -0.869  -29.709 0.1428571492
64956  -23.793  -0.996  -31.169 0.2857142985
11571  -23.533  -1.894  -33.049 0.2857142985
42289  -23.643  -1.262  -32.383 0.2857142985
42291  -23.425  -1.840  -32.277 0.2857142985
817  -24.841  -0.517  -29.455 0.1428571492
11572  -23.269  -2.246  -32.055 0.2857142985
57753  -23.268  -2.382  -32.777 0.2857142985
3892  -23.041  -2.795  -32.475 0.2857142985
130663  -23.574  -1.518  -31.241 0.2857142985
42288  -23.579  -1.392  -31.710 0.2857142985
25438  -22.904  -3.461  -32.779 0.2857142985
120794  -23.645  -2.723  -33.475 0.1428571492
17433  -23.685  -3.074  -33.543 0.1428571492
42292  -23.383  -1.946  -31.806 0.2857142985
105110  -24.365  -3.272  -33.926 0.1428571492
48155  -23.239  -3.969  -33.226 0.1428571492
105109  -24.273  -2.884  -33.919 0.1428571492
25437  -23.600  -2.403  -33.371 0.1428571492
105115  -22.646  -5.615  -32.864 0.1428571492
39929  -22.341  -4.716  -32.294 0.5714285970
160745  -22.474  -4.458  -32.582 0.4285714328
160743  -22.676  -3.730  -32.395 0.5714285970
75350  -23.317  -5.794  -33.062 0.1428571492
160761  -22.171  -6.958  -32.585 0.1428571492
1759  -22.795  -4.176  -32.920 0.2857142985
48156  -23.214  -4.427  -33.218 0.2857142985
160754  -22.392  -4.847  -32.630 0.4285714328
39932  -22.147  -5.428  -32.386 0.5714285970
89586  -21.996  -5.706  -32.240 0.7142857313
89593  -21.770  -7.457  -32.303 0.4285714328
160759  -21.790  -6.851  -32.387 0.5714285970
160843  -21.859  -8.227  -32.201 0.5714285970
89594  -21.408  -8.139  -32.016 0.7142857313
89592  -21.458  -7.754  -32.115 0.7142857313
160758  -21.630  -7.032  -32.271 0.7142857313
89663  -21.912  -9.191  -31.968 0.5714285970
160849  -22.098  -9.819  -31.829 0.4285714328
39961  -21.017  -9.153  -31.646 0.8571428657
127479  -19.942  -13.070  -28.710 0.5714285970
62528  -19.820  -12.243  -29.190 0.5714285970
127473  -19.962  -11.531  -29.650 0.4285714328
62527  -19.809  -12.177  -29.109 0.4285714328
113703  -20.664  -10.703  -30.912 0.8571428657
113702  -20.928  -10.220  -31.266 0.8571428657
89666  -21.563  -10.287  -31.544 0.4285714328
89668  -22.409  -10.384  -31.787 0.5714285970
89662  -21.307  -9.388  -31.694 0.8571428657
89665  -21.134  -10.813  -31.229 0.7142857313
52935  -20.772  -16.819  -26.747 0.5714285970
113717  -20.558  -16.077  -27.066 0.4285714328
89688  -20.285  -15.770  -27.518 0.7142857313
89689  -20.167  -15.387  -27.607 0.7142857313
39973  -20.358  -14.916  -27.834 0.7142857313
39972  -20.024  -14.826  -27.637 0.4285714328
160874  -20.251  -14.563  -27.803 0.5714285970
62530  -20.072  -13.786  -28.244 0.5714285970
160873  -20.119  -14.516  -27.761 0.4285714328
160872  -20.002  -14.384  -27.756 0.2857142985
62534  -20.057  -14.239  -28.255 0.7142857313
62533  -19.888  -13.779  -28.614 0.8571428657
39967  -21.498  -11.654  -31.128 0.5714285970
160859  -21.380  -11.367  -31.181 0.7142857313
127485  -20.512  -17.751  -26.566 0.5714285970
136724  -20.552  -17.736  -26.450 0.5714285970
89680  -22.420  -13.471  -30.956 0.4285714328
160867  -23.568  -12.497  -31.449 0.2857142985
28310  -22.524  -18.362  -28.734 0.2857142985
52944  -22.598  -17.477  -29.221 0.4285714328
22221  -22.215  -15.687  -29.943 0.4285714328
89705  -23.502  -15.240  -30.650 0.4285714328
160895  -22.945  -14.360  -30.872 0.4285714328
22222  -22.735  -16.607  -29.775 0.4285714328
40953  -21.351  -20.786  -25.795 0.2857142985
163817  -21.452  -20.516  -26.013 0.2857142985
89715  -22.588  -18.681  -28.493 0.2857142985
127499  -22.379  -19.143  -28.058 0.2857142985
160909  -23.634  -18.001  -29.478 0.2857142985
28311  -21.727  -18.944  -27.542 0.2857142985
127501  -21.804  -19.328  -27.479 0.2857142985
113730  -23.631  -16.697  -30.152 0.4285714328
40950  -21.058  -22.191  -23.945 0.1428571492
92133  -21.141  -22.011  -24.391 0.1428571492
92137  -21.376  -21.460  -25.371 0.2857142985
62548  -22.458  -20.341  -27.387 0.2857142985
163810  -21.242  -21.865  -24.650 0.1428571492
92141  -21.651  -21.328  -25.799 0.2857142985
163820  -21.993  -21.289  -26.390 0.2857142985
63327  -21.470  -25.937  -19.582 0.1428571492
128593  -21.510  -26.611  -18.810 0.1428571492
97900  -21.346  -25.276  -20.381 0.1428571492
89682  -23.241  -13.410  -31.203 0.2857142985
160691  -25.074  -0.584  -29.049 0.1428571492
13430  -21.334  -24.853  -20.741 0.1428571492
163789  -21.398  -23.879  -21.678 0.1428571492
160699  -25.000  -0.709  -28.916 0.1428571492
113653  -21.644  -5.703  -32.054 0.5714285970
52900  -21.241  -6.893  -31.838 0.4285714328
22180  -21.408  -6.388  -31.958 0.4285714328
113654  -21.516  -6.140  -32.035 0.5714285970
2447  -21.064  -7.508  -31.739 0.4285714328
52901  -21.283  -6.736  -31.948 0.5714285970
22181  -21.535  -6.227  -32.024 0.4285714328
89653  -20.425  -9.355  -31.116 0.4285714328
39959  -20.687  -8.693  -31.423 0.4285714328
160834  -20.843  -8.234  -31.535 0.4285714328
160835  -20.872  -8.141  -31.589 0.5714285970
52904  -20.858  -7.878  -31.726 0.5714285970
52902  -21.086  -7.257  -31.848 0.5714285970
52924  -20.055  -11.002  -30.128 0.5714285970
160914  -26.082  -17.877  -30.037 0.1428571492
9915  -25.086  -17.585  -30.053 0.1428571492
89712  -25.529  -16.998  -30.364 0.1428571492
163774  -21.684  -21.949  -23.198 0.2857142985
39984  -23.956  -18.478  -29.325 0.1428571492
160917  -28.361  -18.349  -30.354 0.1428571492
89721  -26.409  -18.386  -29.931 0.1428571492
53152  -29.129  -17.869  -30.684 0.1428571492
160915  -27.174  -17.987  -30.247 0.1428571492
53150  -29.920  -17.676  -30.967 0.1428571492
92104  -21.708  -22.280  -22.919 0.2857142985
113736  -24.509  -19.765  -28.874 0.1428571492
9916  -25.901  -19.333  -29.373 0.1428571492
22226  -24.462  -19.400  -28.986 0.1428571492
89722  -26.863  -18.966  -29.782 0.1428571492
114105  -30.456  -18.361  -30.832 0.1428571492
89723  -27.667  -18.899  -29.975 0.1428571492
40229  -33.540  -17.603  -32.062 0.1428571492
114102  -31.829  -18.152  -31.584 0.1428571492
90327  -32.782  -17.528  -32.275 0.1428571492
92102  -21.692  -22.709  -22.598 0.2857142985
28789  -21.791  -22.947  -22.298 0.2857142985
163823  -23.160  -21.271  -27.057 0.1428571492
2454  -23.905  -21.059  -27.747 0.1428571492
52945  -23.788  -20.647  -27.927 0.1428571492
28313  -22.823  -20.840  -27.386 0.1428571492
52946  -24.192  -20.231  -28.426 0.1428571492
160920  -26.841  -19.756  -29.429 0.1428571492
113739  -25.460  -20.402  -28.965 0.1428571492
160919  -28.784  -19.147  -29.976 0.1428571492
113738  -26.792  -20.104  -29.375 0.1428571492
90333  -30.761  -18.709  -30.754 0.1428571492
90332  -33.128  -18.524  -31.346 0.1428571492
90329  -33.864  -17.882  -31.784 0.1428571492
9998  -32.671  -18.204  -31.572 0.1428571492
128613  -21.720  -23.130  -22.141 0.2857142985
28788  -21.761  -23.564  -21.685 0.2857142985
63338  -21.779  -23.923  -21.316 0.2857142985
92143  -22.383  -21.771  -26.215 0.1428571492
40956  -23.597  -21.896  -27.091 0.1428571492
163824  -23.808  -21.475  -27.354 0.1428571492
52949  -24.671  -21.215  -28.000 0.1428571492
89726  -27.499  -20.467  -29.274 0.1428571492
52948  -25.503  -21.022  -28.630 0.1428571492
90337  -30.092  -19.358  -30.264 0.1428571492
161650  -32.494  -18.796  -31.042 0.1428571492
90335  -31.275  -19.241  -30.405 0.1428571492
90322  -34.594  -17.007  -31.767 0.1428571492
161644  -34.281  -17.372  -31.771 0.1428571492
115189  -21.772  -21.778  -25.508 0.1428571492
92144  -22.955  -22.021  -26.483 0.1428571492
92142  -22.773  -22.285  -26.048 0.1428571492
40959  -25.630  -22.424  -27.761 0.1428571492
163831  -24.437  -22.558  -27.058 0.1428571492
89729  -27.388  -21.639  -28.696 0.1428571492
163833  -24.403  -21.631  -27.570 0.1428571492
89728  -27.250  -20.608  -29.236 0.1428571492
113741  -26.187  -21.495  -28.425 0.1428571492
160923  -28.886  -19.956  -29.824 0.1428571492
90331  -33.789  -18.605  -31.060 0.1428571492
40232  -32.390  -19.211  -30.676 0.1428571492
161645  -34.541  -17.760  -31.286 0.1428571492
40230  -34.112  -18.228  -31.133 0.1428571492
115191  -22.745  -22.680  -25.852 0.1428571492
92135  -21.462  -21.860  -25.109 0.1428571492
92152  -26.016  -23.506  -27.189 0.1428571492
40958  -25.128  -23.236  -27.041 0.1428571492
10240  -23.494  -22.680  -26.442 0.1428571492
92155  -26.239  -22.581  -27.853 0.1428571492
92153  -25.209  -22.770  -27.196 0.1428571492
92146  -23.548  -22.266  -26.670 0.1428571492
160926  -27.835  -21.658  -28.819 0.1428571492
163840  -28.078  -22.486  -28.246 0.1428571492
160925  -30.266  -19.543  -30.159 0.1428571492
161653  -33.129  -19.270  -30.618 0.1428571492
160924  -28.156  -20.281  -29.474 0.1428571492
40231  -33.400  -18.825  -31.082 0.1428571492
39989  -30.204  -19.531  -30.179 0.1428571492
92150  -26.854  -24.215  -27.026 0.1428571492
163829  -24.981  -23.662  -26.616 0.1428571492
163827  -24.078  -23.357  -26.340 0.1428571492
92158  -28.781  -23.474  -27.588 0.1428571492
115198  -28.053  -23.767  -27.460 0.1428571492
163841  -28.926  -22.880  -27.988 0.1428571492
40961  -28.556  -23.075  -27.913 0.1428571492
161652  -33.218  -19.346  -30.164 0.1428571492
161655  -33.608  -19.727  -29.491 0.1428571492
92156  -26.968  -23.269  -27.679 0.1428571492
163832  -24.564  -22.184  -27.443 0.1428571492
163836  -26.997  -22.173  -28.327 0.1428571492
89725  -26.660  -20.919  -28.896 0.1428571492
127504  -23.028  -20.495  -27.649 0.1428571492
40227  -34.765  -17.411  -31.226 0.1428571492
90320  -34.883  -16.559  -31.722 0.1428571492
90330  -33.429  -18.313  -31.420 0.1428571492
114106  -29.778  -18.824  -30.439 0.1428571492
114103  -32.118  -18.606  -31.216 0.1428571492
160912  -24.740  -18.494  -29.655 0.1428571492
39983  -26.862  -17.455  -30.322 0.1428571492
63339  -21.707  -23.709  -21.567 0.2857142985
161649  -33.713  -19.222  -30.516 0.1428571492
161647  -34.401  -18.454  -30.510 0.1428571492
90321  -35.117  -16.835  -31.184 0.1428571492
90319  -35.147  -15.980  -31.572 0.1428571492
89651  -20.304  -10.056  -30.790 0.4285714328
9997  -34.326  -16.621  -32.278 0.1428571492
90328  -33.227  -17.875  -31.976 0.1428571492
161643  -33.933  -17.195  -32.195 0.1428571492
114101  -31.489  -17.614  -31.816 0.1428571492
161642  -33.281  -17.209  -32.548 0.1428571492
89713  -26.467  -16.910  -30.447 0.1428571492
89711  -25.202  -16.551  -30.473 0.1428571492
89582  -21.800  -5.271  -32.031 0.4285714328
160747  -22.264  -4.401  -31.850 0.4285714328
120789  -24.956  -1.319  -34.772 0.1428571492
160749  -21.803  -5.551  -32.075 0.4285714328
63340  -21.654  -23.366  -21.918 0.2857142985
57752  -24.243  -1.226  -34.091 0.1428571492
160913  -25.353  -18.003  -29.936 0.1428571492
163822  -22.497  -21.034  -26.734 0.1428571492
23035  -22.151  -22.060  -25.792 0.1428571492
115188  -21.715  -22.059  -25.258 0.1428571492
40955  -22.423  -21.457  -26.580 0.1428571492
113735  -23.839  -19.757  -28.535 0.1428571492
89709  -24.623  -15.601  -30.687 0.1428571492
89707  -24.314  -15.145  -30.800 0.1428571492
89719  -24.956  -18.908  -29.353 0.1428571492
39985  -25.587  -18.459  -29.769 0.1428571492
89714  -25.959  -17.534  -30.209 0.1428571492
39986  -27.488  -18.370  -30.083 0.1428571492
160916  -28.126  -18.016  -30.487 0.1428571492
22432  -29.516  -18.421  -30.543 0.1428571492
160918  -28.585  -18.781  -30.244 0.1428571492
89720  -25.812  -18.874  -29.626 0.1428571492
53151  -30.214  -18.049  -30.923 0.1428571492
160907  -27.816  -17.511  -30.535 0.1428571492
53148  -29.552  -17.188  -31.104 0.1428571492
22430  -30.899  -17.836  -31.356 0.1428571492
22227  -24.811  -20.360  -28.702 0.1428571492
113737  -25.815  -19.964  -29.021 0.1428571492
89718  -25.507  -19.548  -29.347 0.1428571492
89724  -27.096  -19.477  -29.668 0.1428571492
114104  -31.271  -18.177  -31.266 0.1428571492
22431  -31.599  -18.783  -30.971 0.1428571492
39987  -27.906  -19.363  -29.955 0.1428571492
90326  -32.345  -17.951  -31.924 0.1428571492
92145  -23.055  -21.675  -26.846 0.1428571492
127505  -23.326  -20.942  -27.555 0.1428571492
52947  -24.548  -20.848  -28.286 0.1428571492
22228  -26.191  -20.273  -29.146 0.1428571492
160921  -27.940  -19.700  -29.707 0.1428571492
113740  -26.170  -21.009  -28.805 0.1428571492
9917  -29.952  -19.115  -30.352 0.1428571492
160922  -28.900  -19.557  -29.813 0.1428571492
90334  -31.997  -19.078  -30.844 0.1428571492
22229  -25.480  -21.375  -28.242 0.1428571492
163834  -25.182  -21.815  -27.775 0.1428571492
39988  -27.584  -20.056  -29.465 0.1428571492
89727  -27.072  -20.830  -29.056 0.1428571492
90336  -31.614  -19.394  -30.533 0.1428571492
161651  -32.949  -19.117  -30.702 0.1428571492
115190  -22.076  -22.350  -25.520 0.1428571492
115192  -23.320  -22.995  -26.098 0.1428571492
92154  -26.053  -23.069  -27.551 0.1428571492
163830  -24.243  -22.966  -26.705 0.1428571492
9918  -26.768  -21.582  -28.561 0.1428571492
39990  -27.767  -21.655  -28.800 0.1428571492
163839  -27.668  -22.299  -28.384 0.1428571492
163835  -25.836  -21.956  -27.964 0.1428571492
10241  -27.092  -23.677  -27.382 0.1428571492
40960  -27.030  -22.654  -27.925 0.1428571492
11  -28.970  -22.857  -27.995 0.1428571492
161654  -32.348  -19.435  -30.469 0.1428571492
90945  -33.751  -19.594  -29.575 0.1428571492
163838  -27.870  -22.895  -28.027 0.1428571492
163837  -28.005  -23.333  -27.739 0.1428571492
163722  -21.760  -28.083  -17.092 0.1428571492
92060  -21.558  -26.883  -18.442 0.1428571492
40922  -21.879  -28.068  -17.071 0.1428571492
163720  -21.579  -27.186  -18.076 0.1428571492
5751  -21.507  -26.441  -18.870 0.1428571492
115141  -21.582  -26.777  -18.426 0.1428571492
128598  -21.659  -25.994  -19.187 0.1428571492
63332  -21.706  -25.430  -19.777 0.1428571492
28784  -21.770  -25.668  -19.441 0.1428571492
28786  -21.568  -24.993  -20.256 0.1428571492
63334  -21.607  -24.988  -20.261 0.1428571492
63336  -21.501  -24.398  -20.909 0.1428571492
128600  -21.881  -25.935  -19.085 0.1428571492
128603  -21.835  -25.186  -19.934 0.1428571492
128606  -21.726  -24.645  -20.585 0.1428571492
28787  -21.807  -24.227  -20.999 0.1428571492
115153  -22.077  -24.537  -20.487 0.1428571492
23015  -22.047  -24.149  -20.910 0.1428571492
128611  -21.928  -23.176  -21.970 0.1428571492
128610  -21.922  -23.497  -21.689 0.1428571492
163771  -21.943  -22.769  -22.298 0.2857142985
92103  -21.805  -22.509  -22.634 0.1428571492
40939  -21.781  -22.118  -22.977 0.1428571492
92106  -21.434  -21.650  -23.597 0.1428571492
163772  -21.903  -22.365  -22.662 0.2857142985
92109  -21.272  -20.979  -24.309 0.2857142985
101750  -20.897  -19.157  -25.636 0.4285714328
31779  -20.801  -18.751  -25.983 0.4285714328
69743  -20.772  -18.480  -26.219 0.4285714328
22203  -20.053  -11.114  -29.950 0.2857142985
22204  -20.292  -10.140  -30.618 0.2857142985
113696  -20.168  -10.551  -30.458 0.2857142985
62503  -21.565  -6.723  -32.055 0.2857142985
127440  -21.608  -6.203  -31.995 0.2857142985
113652  -21.556  -5.912  -32.045 0.2857142985
5473  -21.700  -5.537  -32.078 0.4285714328
128612  -21.825  -23.311  -21.929 0.1428571492
23021  -22.022  -22.615  -22.335 0.1428571492
163773  -21.718  -22.039  -23.084 0.2857142985
92107  -21.352  -21.375  -23.976 0.1428571492
23008  -21.750  -26.346  -18.750 0.1428571492
128602  -21.770  -25.635  -19.494 0.1428571492
5753  -22.016  -24.877  -20.148 0.1428571492
53735  -22.090  -23.786  -21.303 0.1428571492
2559  -22.091  -23.442  -21.615 0.1428571492
53741  -22.101  -23.057  -21.921 0.1428571492
10234  -21.681  -21.904  -23.188 0.2857142985
40940  -21.447  -21.519  -23.740 0.2857142985
163776  -21.567  -21.710  -23.457 0.2857142985
163777  -21.492  -21.352  -23.789 0.2857142985
92108  -21.377  -21.144  -24.068 0.2857142985
92110  -21.205  -20.626  -24.597 0.2857142985
101753  -21.077  -20.039  -25.090 0.4285714328
101752  -20.999  -19.764  -25.269 0.4285714328
101749  -20.964  -19.194  -25.497 0.2857142985
62526  -19.873  -11.743  -29.407 0.2857142985
113693  -20.222  -10.798  -30.175 0.2857142985
113695  -20.150  -10.645  -30.286 0.2857142985
160830  -20.443  -9.802  -30.730 0.2857142985
89652  -20.419  -9.558  -30.950 0.2857142985
89654  -20.642  -8.718  -31.358 0.2857142985
160825  -21.184  -7.448  -31.838 0.2857142985
160824  -21.233  -7.405  -31.882 0.2857142985
127441  -21.443  -6.800  -31.941 0.2857142985
40941  -21.301  -20.779  -24.370 0.2857142985
127472  -20.008  -11.299  -29.757 0.2857142985
113694  -20.325  -10.317  -30.435 0.2857142985
127471  -20.324  -11.141  -29.796 0.2857142985
160831  -20.542  -9.276  -31.057 0.2857142985
89647  -20.884  -8.254  -31.561 0.2857142985
39958  -20.597  -8.943  -31.266 0.2857142985
160833  -20.785  -8.522  -31.436 0.2857142985
89646  -21.061  -7.793  -31.767 0.2857142985
160826  -21.040  -7.737  -31.740 0.2857142985
39957  -20.527  -9.521  -30.776 0.2857142985
160829  -20.664  -9.025  -31.065 0.2857142985
160832  -20.693  -8.761  -31.291 0.2857142985
15568  -20.960  -19.414  -25.525 0.4285714328
136728  -20.848  -19.136  -25.740 0.4285714328
128605  -21.491  -24.754  -20.567 0.1428571492
63337  -21.645  -24.053  -21.229 0.1428571492
163781  -21.125  -20.335  -24.804 0.4285714328
63331  -21.690  -25.649  -19.527 0.1428571492
115140  -21.626  -26.409  -18.785 0.1428571492
127442  -21.232  -7.356  -31.851 0.2857142985
39956  -20.966  -7.940  -31.652 0.2857142985
163775  -21.545  -21.825  -23.375 0.1428571492
128609  -21.921  -23.849  -21.304 0.1428571492
128608  -21.898  -24.211  -20.954 0.1428571492
163721  -21.701  -27.669  -17.584 0.1428571492
115142  -21.721  -26.701  -18.431 0.1428571492
128599  -21.756  -25.964  -19.140 0.1428571492
63333  -21.664  -25.303  -19.884 0.1428571492
128604  -21.959  -24.926  -20.196 0.1428571492
92080  -22.033  -25.228  -19.781 0.1428571492
128607  -21.905  -24.500  -20.640 0.1428571492
115165  -21.866  -22.298  -22.739 0.2857142985
101751  -21.007  -19.460  -25.363 0.4285714328
28286  -21.402  -7.032  -32.014 0.2857142985
15569  -21.150  -20.107  -24.920 0.4285714328
9906  -20.795  -8.579  -31.346 0.2857142985
69741  -20.721  -18.035  -26.185 0.2857142985
69742  -20.814  -18.495  -26.097 0.2857142985
136715  -20.728  -17.347  -26.553 0.2857142985
120779  -24.625  1.039  -35.420 0.1428571492
120780  -24.751  0.781  -35.596 0.1428571492
120781  -24.209  -0.105  -34.195 0.1428571492
57746  -24.030  -0.799  -33.780 0.1428571492
3890  -24.121  -0.995  -33.936 0.1428571492
25431  -24.737  1.663  -36.147 0.1428571492
11569  -23.976  -0.585  -33.578 0.1428571492
130660  -23.937  -0.511  -32.204 0.1428571492
64950  -24.427  0.915  -32.871 0.1428571492
136723  -20.580  -17.711  -26.358 0.2857142985
31775  -20.681  -17.338  -26.475 0.2857142985
57750  -24.534  -0.789  -34.583 0.1428571492
120783  -24.912  0.522  -35.719 0.1428571492
94555  -23.824  -1.448  -33.495 0.1428571492
57747  -24.295  -0.339  -34.362 0.1428571492
57748  -24.399  -0.557  -34.485 0.1428571492
94556  -23.525  -1.676  -32.830 0.1428571492
94550  -23.845  -0.707  -32.512 0.1428571492
94554  -23.771  -1.234  -33.271 0.1428571492
57743  -24.137  0.344  -33.690 0.1428571492
64951  -24.301  0.754  -33.142 0.1428571492
130657  -24.050  0.015  -32.761 0.1428571492
130658  -24.157  -0.177  -31.560 0.1428571492
98875  -24.311  -0.033  -31.318 0.1428571492
130659  -24.038  -0.325  -31.885 0.1428571492
94553  -23.751  -1.057  -33.035 0.1428571492
94552  -23.772  -0.902  -32.807 0.1428571492
69744  -20.823  -18.764  -25.852 0.2857142985
25432  -24.403  0.472  -34.777 0.1428571492
120778  -24.533  1.294  -35.225 0.1428571492
120782  -24.519  0.221  -34.936 0.1428571492
94551  -23.948  -0.393  -33.341 0.1428571492
57745  -24.153  0.132  -33.953 0.1428571492
120777  -24.658  1.923  -35.904 0.1428571492
3888  -23.967  -0.219  -33.071 0.1428571492
25433  -24.678  -0.022  -35.079 0.1428571492
89648  -20.552  -10.511  -30.081 0.1428571492
5481  -20.407  -10.637  -30.142 0.1428571492
89650  -20.428  -10.088  -30.454 0.1428571492
89645  -20.940  -8.161  -31.593 0.1428571492
39954  -21.477  -7.932  -31.666 0.1428571492
160820  -21.517  -7.433  -31.976 0.1428571492
28299  -20.178  -11.633  -29.463 0.1428571492
39955  -21.151  -7.787  -31.796 0.1428571492
97405  -21.778  -6.738  -32.132 0.1428571492
13153  -21.900  -6.355  -32.180 0.1428571492
97403  -22.102  -5.952  -32.241 0.2857142985
89687  -20.170  -15.329  -27.455 0.2857142985
89685  -20.219  -15.206  -27.356 0.1428571492
97419  -20.168  -12.668  -28.614 0.1428571492
62523  -20.106  -12.441  -28.859 0.1428571492
127470  -20.349  -11.457  -29.500 0.1428571492
160853  -23.349  -10.499  -31.833 0.1428571492
89649  -20.712  -9.982  -30.354 0.1428571492
62504  -21.404  -7.056  -31.983 0.1428571492
127438  -21.912  -5.900  -32.117 0.1428571492
127437  -22.049  -5.918  -32.196 0.1428571492
62499  -22.247  -5.398  -32.208 0.2857142985
127434  -22.228  -4.572  -32.079 0.2857142985
9895  -23.438  -2.384  -30.779 0.2857142985
89563  -23.386  -2.299  -30.754 0.2857142985
89566  -23.944  -1.831  -30.299 0.2857142985
89542  -24.972  -0.915  -29.018 0.1428571492
89537  -26.061  -0.869  -28.357 0.1428571492
89580  -21.947  -5.004  -32.041 0.2857142985
62498  -22.190  -4.953  -32.128 0.2857142985
127433  -22.355  -4.212  -31.851 0.2857142985
52898  -22.609  -3.637  -31.530 0.2857142985
52895  -22.742  -3.343  -31.538 0.2857142985
113642  -22.922  -2.993  -31.340 0.2857142985
113646  -22.994  -2.848  -31.096 0.2857142985
113643  -23.166  -2.689  -31.038 0.2857142985
89561  -23.134  -2.632  -31.044 0.2857142985
160731  -23.529  -2.142  -30.584 0.2857142985
52888  -24.604  -1.396  -29.672 0.1428571492
160726  -23.974  -1.812  -30.254 0.2857142985
39913  -25.632  -0.741  -28.503 0.1428571492
9891  -26.239  -0.563  -28.023 0.1428571492
89562  -23.194  -2.672  -31.170 0.1428571492
160722  -23.185  -3.119  -31.490 0.1428571492
5472  -22.369  -5.488  -32.274 0.2857142985
89564  -23.666  -2.051  -30.510 0.2857142985
52889  -24.440  -1.539  -29.883 0.1428571492
160727  -24.308  -1.579  -29.952 0.2857142985
52886  -25.030  -1.188  -29.322 0.1428571492
52885  -24.863  -1.297  -29.471 0.1428571492
13152  -22.082  -6.471  -32.171 0.2857142985
160717  -24.173  -1.840  -30.160 0.1428571492
89535  -26.008  -0.944  -28.375 0.1428571492
127420  -24.804  -1.411  -29.538 0.1428571492
136675  -22.315  -7.479  -31.884 0.1428571492
118276  -24.008  -10.006  -31.997 0.1428571492
160865  -24.203  -11.973  -31.615 0.1428571492
13162  -20.112  -13.203  -28.328 0.1428571492
127469  -20.454  -11.671  -29.221 0.1428571492
1372  -24.191  -10.341  -31.928 0.1428571492
28298  -20.481  -11.278  -29.439 0.1428571492
160827  -20.693  -9.810  -30.408 0.1428571492
22202  -20.925  -9.437  -30.673 0.1428571492
113692  -20.850  -8.981  -30.968 0.1428571492
160821  -21.395  -8.357  -31.377 0.1428571492
160823  -21.325  -7.442  -31.913 0.1428571492
43873  -21.936  -6.835  -32.114 0.1428571492
62502  -21.605  -6.729  -32.093 0.1428571492
97402  -22.219  -6.024  -32.303 0.2857142985
28282  -22.352  -4.520  -32.077 0.1428571492
127431  -22.524  -4.097  -31.980 0.1428571492
52893  -22.614  -3.776  -31.837 0.2857142985
113641  -22.836  -3.385  -31.648 0.1428571492
52894  -22.766  -3.396  -31.620 0.1428571492
28277  -24.507  -1.670  -29.873 0.1428571492
39920  -23.878  -2.027  -30.417 0.2857142985
127421  -24.567  -1.502  -29.747 0.1428571492
22165  -25.142  -1.192  -29.205 0.1428571492
22167  -24.874  -1.244  -29.427 0.1428571492
5468  -25.678  -1.021  -28.664 0.1428571492
113626  -25.746  -0.954  -28.645 0.1428571492
160863  -23.760  -11.224  -31.726 0.1428571492
160862  -23.553  -10.861  -31.781 0.1428571492
46357  -24.398  -10.728  -31.866 0.1428571492
22177  -22.802  -3.247  -31.325 0.2857142985
22176  -23.267  -2.435  -30.824 0.2857142985
113628  -25.206  -1.101  -29.139 0.1428571492
160695  -25.856  -0.849  -28.520 0.1428571492
89567  -23.754  -1.989  -30.492 0.2857142985
160728  -24.168  -1.689  -30.106 0.2857142985
22169  -24.368  -1.549  -29.888 0.2857142985
113627  -25.318  -1.076  -29.032 0.1428571492
160697  -25.946  -0.627  -28.248 0.1428571492
89581  -21.979  -4.888  -31.976 0.2857142985
43883  -20.089  -13.599  -28.096 0.1428571492
43884  -20.158  -13.941  -27.905 0.1428571492
22179  -22.459  -3.993  -31.690 0.2857142985
62525  -20.101  -12.143  -29.132 0.1428571492
160868  -24.458  -12.393  -31.550 0.1428571492
160746  -22.217  -4.332  -31.830 0.2857142985
28285  -21.766  -6.357  -32.086 0.1428571492
127439  -21.743  -5.771  -32.056 0.1428571492
127436  -21.892  -5.380  -32.093 0.1428571492
127468  -20.448  -10.952  -29.768 0.1428571492
160828  -20.789  -9.447  -30.687 0.1428571492
89643  -21.016  -8.624  -31.231 0.1428571492
28297  -20.512  -10.263  -30.113 0.1428571492
127467  -20.407  -10.759  -29.782 0.1428571492
89644  -21.169  -8.214  -31.522 0.1428571492
160822  -21.310  -7.795  -31.797 0.1428571492
97406  -21.675  -7.092  -32.068 0.1428571492
5474  -21.465  -7.046  -32.026 0.1428571492
62524  -20.207  -11.949  -29.237 0.1428571492
97404  -21.972  -6.364  -32.230 0.1428571492
62500  -21.672  -6.700  -32.088 0.1428571492
62501  -21.846  -6.313  -32.139 0.1428571492
13161  -20.359  -12.140  -28.938 0.1428571492
28284  -22.047  -5.405  -32.152 0.2857142985
62497  -22.372  -4.852  -32.155 0.2857142985
127432  -22.415  -4.168  -31.993 0.2857142985
28283  -22.142  -4.591  -31.972 0.2857142985
127435  -22.055  -4.970  -32.094 0.2857142985
89565  -23.714  -2.077  -30.521 0.2857142985
113644  -23.494  -2.279  -30.735 0.2857142985
39922  -23.400  -2.427  -30.915 0.1428571492
39923  -24.006  -1.790  -30.234 0.2857142985
89536  -26.335  -0.791  -28.116 0.1428571492
2446  -22.563  -3.765  -31.721 0.2857142985
52899  -22.437  -3.861  -31.670 0.2857142985
52897  -22.648  -3.467  -31.480 0.2857142985
22175  -22.946  -2.966  -31.304 0.2857142985
52896  -22.916  -3.107  -31.248 0.2857142985
22174  -22.986  -2.980  -31.423 0.1428571492
113645  -23.204  -2.685  -30.995 0.2857142985
52887  -24.775  -1.329  -29.587 0.1428571492
160718  -24.297  -1.623  -29.984 0.2857142985
89534  -25.837  -0.559  -28.261 0.1428571492
2445  -24.573  -1.424  -29.715 0.2857142985
62496  -22.476  -4.451  -32.060 0.1428571492
22173  -22.691  -3.709  -31.813 0.2857142985
113625  -25.394  -1.101  -28.938 0.1428571492
23020  -21.968  -22.416  -22.530 0.1428571492
92101  -21.622  -21.520  -23.530 0.1428571492
40938  -21.537  -21.161  -23.861 0.1428571492
163766  -21.931  -21.829  -23.043 0.1428571492
55889  -21.787  -20.955  -23.798 0.1428571492
55888  -21.594  -20.489  -24.180 0.1428571492
163769  -21.602  -20.990  -23.908 0.1428571492
118179  -21.495  -20.070  -24.576 0.1428571492
118181  -21.529  -20.590  -24.239 0.1428571492
163779  -21.332  -20.629  -24.373 0.1428571492
101745  -21.343  -19.626  -24.902 0.1428571492
46286  -21.213  -19.714  -24.971 0.1428571492
46288  -21.079  -19.836  -25.113 0.1428571492
101748  -21.061  -19.294  -25.303 0.1428571492
15567  -21.086  -19.541  -25.199 0.1428571492
118178  -21.462  -19.767  -24.730 0.1428571492
101746  -21.207  -19.095  -25.264 0.1428571492
69738  -20.973  -18.847  -25.626 0.1428571492
31777  -20.758  -18.015  -26.118 0.1428571492
69733  -20.800  -16.864  -26.561 0.1428571492
136713  -20.765  -16.440  -26.791 0.1428571492
62493  -22.446  -5.694  -32.343 0.1428571492
163770  -21.472  -20.820  -24.132 0.1428571492
163780  -21.215  -20.463  -24.602 0.1428571492
115163  -22.149  -22.794  -22.114 0.1428571492
163765  -22.036  -22.257  -22.645 0.1428571492
163768  -21.742  -21.197  -23.638 0.1428571492
160725  -23.640  -2.216  -30.652 0.1428571492
113715  -20.636  -16.096  -26.964 0.1428571492
7036  -20.882  -18.795  -25.740 0.1428571492
92099  -21.769  -21.768  -23.199 0.1428571492
92097  -21.821  -22.166  -22.839 0.1428571492
163778  -21.415  -20.980  -24.114 0.1428571492
46289  -21.240  -20.206  -24.734 0.1428571492
69740  -20.871  -18.531  -25.953 0.1428571492
92098  -21.889  -22.031  -22.881 0.1428571492
92100  -21.662  -21.342  -23.600 0.1428571492
40937  -21.774  -21.592  -23.295 0.1428571492
3269  -21.938  -21.152  -23.565 0.1428571492
24317  -21.673  -20.784  -24.011 0.1428571492
118180  -21.476  -20.322  -24.398 0.1428571492
15565  -21.354  -19.894  -24.770 0.1428571492
46285  -21.351  -20.120  -24.635 0.1428571492
1349  -21.368  -20.382  -24.474 0.1428571492
101747  -21.194  -19.475  -25.059 0.1428571492
3268  -21.343  -19.260  -25.099 0.1428571492
46287  -21.204  -19.956  -24.891 0.1428571492
15566  -21.084  -18.954  -25.451 0.1428571492
118177  -21.584  -19.920  -24.554 0.1428571492
115161  -22.334  -23.055  -21.823 0.1428571492
